1 0.135402 0.765934 0.139681 0.764940 0.144115 0.763838 0.146005 0.762808 0.150824 0.760820 0.155798 0.759896 0.159500 0.759184 0.162275 0.766433 0.165051 0.772222 0.166826 0.777480 0.168135 0.782134 0.158729 0.784301 0.144617 0.787676 0.137175 0.789239 0.136288 0.775313 0.135903 0.768137
1 0.111288 0.743656 0.124066 0.738564 0.130513 0.736760 0.139264 0.736442 0.142948 0.735911 0.152388 0.733579 0.154576 0.738776 0.156073 0.743018 0.156877 0.748641 0.157454 0.753626 0.159181 0.758294 0.150085 0.759778 0.144444 0.762430 0.134427 0.764977 0.128212 0.766886 0.122684 0.766780 0.116699 0.765507 0.112784 0.763067 0.108985 0.758188 0.107026 0.756915 0.106682 0.752885 0.107488 0.751504 0.107143 0.749384
1 0.264921 0.268778 0.268097 0.267033 0.270785 0.265650 0.272197 0.268823 0.272991 0.270653 0.269593 0.271873 0.268891 0.272198
1 0.681000 0.431624 0.682516 0.434066 0.683778 0.436219 0.684472 0.437731 0.685104 0.440057 0.685483 0.443779 0.685673 0.445523 0.696024 0.442906 0.695645 0.439882 0.695709 0.438370 0.696277 0.436741 0.697035 0.433716 0.697224 0.431740 0.697854 0.430402 0.698676 0.429763 0.700632 0.429414 0.700317 0.434473 0.700443 0.440231 0.700632 0.447268 0.682705 0.447676 0.679161 0.447853 0.679674 0.442673 0.680370 0.434938
1 0.685057 0.397039 0.685598 0.397833 0.685494 0.401420 0.685126 0.404181 0.685072 0.406266 0.685441 0.408737 0.684600 0.411645 0.683599 0.416007 0.682495 0.419982 0.683442 0.412422 0.684547 0.402147 0.684862 0.398366
1 0.686675 0.384781 0.689562 0.384083 0.692209 0.383522 0.692118 0.384870 0.691843 0.385542 0.687307 0.385570 0.686577 0.385346
1 0.694806 0.381369 0.704600 0.380690 0.706335 0.380633 0.707369 0.381363 0.708648 0.381896 0.709136 0.389049 0.707886 0.393452 0.706852 0.395948 0.706731 0.397631 0.707522 0.406270 0.707612 0.409355 0.707369 0.411149 0.706639 0.412859 0.705238 0.415187 0.703655 0.417152 0.701982 0.418806 0.701220 0.422704 0.700915 0.428763 0.698997 0.429212 0.697201 0.430137 0.696379 0.433587 0.695954 0.435942 0.694919 0.438468 0.695070 0.442479 0.686456 0.444693 0.686213 0.443236 0.685909 0.440431 0.685055 0.437094 0.682590 0.432493 0.681098 0.430390 0.682437 0.420769 0.682986 0.420012 0.685785 0.409971 0.686243 0.408849 0.685909 0.406635 0.685817 0.404670 0.685877 0.403577 0.686243 0.400855 0.686273 0.398107 0.685756 0.396256 0.685543 0.395274 0.685847 0.390983 0.686394 0.385962 0.688891 0.385991 0.692180 0.386076 0.692848 0.384336 0.692818 0.383242 0.693123 0.382289 0.694127 0.381755
1 0.706726 0.282467 0.711290 0.285397 0.713846 0.287247 0.714395 0.288223 0.715162 0.295493 0.715600 0.302797 0.715564 0.305287 0.714140 0.312524 0.713627 0.315519 0.713191 0.319155 0.713227 0.323832 0.702414 0.323530 0.697154 0.323193 0.697154 0.317505 0.697518 0.313567 0.698067 0.309596 0.699125 0.306566 0.701865 0.300945 0.703802 0.295795 0.705117 0.291455 0.706139 0.285834 0.706030 0.282669
1 0.509004 0.124789 0.524138 0.130810 0.530453 0.132383 0.534851 0.133395 0.540066 0.136376 0.543223 0.138027 0.547007 0.138504 0.550070 0.139908 0.554108 0.141081 0.557329 0.141947 0.558631 0.141904 0.558538 0.146217 0.560736 0.157360 0.563516 0.168417 0.562495 0.169286 0.562118 0.170790 0.563265 0.172426 0.566156 0.188880 0.567742 0.198243 0.529291 0.198708 0.515719 0.198764 0.512893 0.170096 0.510802 0.150053 0.508054 0.125536
1 0.248929 0.152102 0.239555 0.147955 0.238919 0.148590 0.238178 0.148980 0.237065 0.148735 0.230285 0.160008 0.224883 0.168500 0.219004 0.178211 0.219163 0.179431 0.218793 0.180065 0.230868 0.191143 0.248983 0.207978 0.253802 0.187872 0.242203 0.181187 0.239395 0.167280 0.242573 0.162057
1 0.695015 0.380094 0.699811 0.379920 0.703472 0.379455 0.706377 0.379280 0.708459 0.378523 0.711111 0.378351 0.711490 0.378058 0.709785 0.375617 0.710415 0.372708 0.711111 0.370265 0.712688 0.366776 0.713003 0.364509 0.713131 0.362997 0.712814 0.359914 0.712056 0.357121 0.712120 0.352353 0.712499 0.348164 0.713193 0.343977 0.713382 0.341942 0.713131 0.335313 0.712878 0.330310 0.713003 0.324495 0.696592 0.323971 0.696718 0.315538 0.697286 0.309372 0.700758 0.302336 0.702967 0.296637 0.704734 0.290937 0.705492 0.286748 0.705492 0.282854 0.698487 0.284248 0.697539 0.287097 0.696149 0.292799 0.696088 0.296288 0.695898 0.298613 0.695077 0.300939 0.693878 0.304081 0.692488 0.307337 0.692299 0.309141 0.692048 0.314142 0.691858 0.320888 0.691984 0.330135 0.691858 0.331765 0.691354 0.335313 0.690847 0.339616 0.690911 0.340373 0.694068 0.347060 0.695960 0.352004 0.696339 0.353632 0.696277 0.355609 0.696467 0.358402 0.696339 0.363112 0.696592 0.364391 0.696971 0.366601 0.698802 0.371777 0.693814 0.373463 0.693274 0.378329 0.694193 0.378641 0.694762 0.379280
1 0.663138 0.185960 0.665851 0.187182 0.666041 0.188345 0.667178 0.189333 0.667682 0.189565 0.666356 0.195905 0.665788 0.198988 0.666292 0.201720 0.667178 0.204397 0.667367 0.206025 0.665977 0.207478 0.663263 0.209572
1 0.663199 0.164789 0.664904 0.165778 0.666356 0.166419 0.669323 0.169210 0.673678 0.172932 0.676330 0.174677 0.683778 0.177527 0.690911 0.179912 0.693940 0.180726 0.695266 0.180667 0.698423 0.182761 0.700696 0.183865 0.698297 0.187996 0.697729 0.189682 0.698108 0.192997 0.698612 0.196311 0.698169 0.198056 0.698108 0.199219 0.694257 0.201894 0.694068 0.205501 0.691354 0.207247 0.679234 0.196952 0.675319 0.193579 0.674246 0.191600 0.672163 0.189565 0.670270 0.188345 0.670332 0.186833 0.669259 0.185670 0.667239 0.185670 0.666481 0.186017 0.663327 0.184679 0.663263 0.183342
1 0.658504 0.240035 0.658427 0.260484 0.655777 0.261461 0.652597 0.259855 0.656458 0.245758
0 0.557980 0.866501 0.576690 0.866297 0.576969 0.880877 0.558089 0.881016
0 0.417352 0.867182 0.431935 0.867270 0.431743 0.881591 0.417065 0.881679
0 0.432673 0.867270 0.447065 0.867086 0.446931 0.881573 0.432407 0.881634
0 0.447637 0.867152 0.462361 0.867029 0.462295 0.881394 0.447503 0.881579
0 0.462878 0.866974 0.476948 0.866884 0.477039 0.881463 0.462835 0.881463
0 0.477767 0.866913 0.492063 0.866829 0.492109 0.881279 0.477859 0.881279
0 0.492678 0.866841 0.507160 0.866756 0.507160 0.881208 0.492633 0.881336
0 0.507814 0.866803 0.521971 0.866717 0.522203 0.881212 0.507814 0.881253
0 0.522522 0.866713 0.536911 0.866542 0.537050 0.881165 0.522752 0.881249
0 0.537748 0.866546 0.557273 0.866462 0.557550 0.881130 0.537933 0.881212
1 0.668184 0.227641 0.670988 0.228478 0.674319 0.229735 0.678031 0.231759 0.685607 0.236017 0.690379 0.236784 0.696513 0.236644 0.699923 0.236086 0.697499 0.240832 0.695756 0.247462 0.693712 0.249625 0.689923 0.252487 0.685077 0.254860 0.681667 0.255487 0.674319 0.255697 0.668865 0.257860 0.664019 0.259606 0.664244 0.243971 0.663942 0.239086
1 0.663399 0.226531 0.664568 0.227068 0.667346 0.227472 0.665628 0.233026 0.663693 0.238276 0.663474 0.229727
1 0.596909 0.220012 0.607957 0.220739 0.617742 0.221514 0.624527 0.221951 0.627420 0.223938 0.631103 0.226168 0.631786 0.227088 0.633152 0.231449 0.634836 0.237992 0.636309 0.242355 0.638361 0.247396 0.623580 0.251369 0.614059 0.254132 0.611007 0.250496 0.607746 0.245601 0.604589 0.236588 0.602222 0.229898 0.599014 0.224519 0.597069 0.221563
1 0.635730 0.236103 0.641254 0.233195 0.643306 0.230869 0.645726 0.228543 0.649040 0.224568 0.650617 0.222436 0.651880 0.223793 0.654195 0.225295 0.658140 0.227186 0.658455 0.239010 0.655719 0.245650 0.651880 0.259561 0.644883 0.255150 0.644779 0.254228 0.644674 0.253259 0.643989 0.252338 0.642991 0.252146 0.641990 0.252242 0.639308 0.246911 0.637309 0.241532
0 0.595951 0.866099 0.614046 0.865854 0.614344 0.880637 0.596152 0.880759
0 0.577614 0.866260 0.595277 0.866050 0.595504 0.880796 0.577784 0.880902
1 0.598246 0.105933 0.602791 0.105933 0.605568 0.106107 0.608472 0.106631 0.611882 0.106921 0.608851 0.119541 0.606516 0.129778 0.596162 0.127743 0.597048 0.123556 0.597552 0.121287 0.597678 0.117623 0.597552 0.115297 0.597237 0.113785 0.597299 0.110412
1 0.330807 0.164303 0.331356 0.186482 0.321837 0.182265 0.321654 0.180916 0.321288 0.179988
1 0.283387 0.242840 0.284402 0.242881 0.286475 0.244752 0.290096 0.248086 0.287580 0.250526 0.282105 0.245362
1 0.580004 0.299776 0.584610 0.301347 0.585622 0.302975 0.587578 0.306931 0.588525 0.309665 0.589029 0.310653 0.590040 0.312106 0.600898 0.305301 0.617750 0.294542 0.624127 0.290414 0.633974 0.284132 0.632901 0.284248 0.631701 0.284597 0.625894 0.283899 0.622043 0.283842 0.608536 0.283259 0.603863 0.282910 0.603359 0.279771 0.602412 0.283958 0.594585 0.287796 0.580445 0.294077
1 0.617731 0.258521 0.622656 0.257135 0.627831 0.255856 0.631052 0.255564 0.634080 0.255507 0.637931 0.256901 0.641530 0.257833 0.639572 0.274930 0.638753 0.280981 0.634940 0.283481 0.634195 0.283813 0.631620 0.284242 0.628363 0.283795 0.624234 0.283399 0.625383 0.280300 0.627725 0.274809 0.628065 0.273554 0.625617 0.270163 0.622201 0.264738
1 0.589764 0.235064 0.598874 0.237162 0.604327 0.237992 0.606288 0.243944 0.608089 0.246921 0.598925 0.244823 0.591988 0.243212 0.590928 0.239651
1 0.632014 0.175940 0.641533 0.179567 0.658191 0.186566 0.658099 0.208237 0.652699 0.216754 0.650045 0.221139 0.649953 0.222320 0.643729 0.229488 0.641166 0.232524 0.635400 0.235391 0.633936 0.229910 0.640526 0.227717 0.643272 0.225946 0.645834 0.223163 0.648672 0.219621 0.649587 0.217682 0.647207 0.216164 0.645011 0.214309 0.642173 0.211779 0.641166 0.212285 0.640617 0.216333 0.639885 0.220127 0.639061 0.228223 0.633936 0.229910 0.632654 0.225946 0.630915 0.224344 0.626888 0.221983 0.624325 0.220465 0.622495 0.218947 0.621488 0.217598 0.621396 0.216080 0.621579 0.210514 0.622037 0.205201 0.623135 0.202671 0.624691 0.199888 0.623959 0.194913 0.622495 0.189855 0.622586 0.189096 0.624874 0.187662 0.627163 0.183193 0.629817 0.177796 0.630366 0.176531
1 0.562380 0.302924 0.568376 0.302653 0.575622 0.302449 0.576541 0.301873 0.577754 0.300280 0.581103 0.301434 0.583970 0.302789 0.584853 0.304075 0.586105 0.306923 0.587097 0.308651 0.587539 0.309633 0.587539 0.310516 0.585590 0.310753 0.582427 0.311532 0.579189 0.311836 0.577940 0.312040 0.576209 0.312210 0.575511 0.311634 0.574813 0.309769 0.573855 0.309871 0.567861 0.312514 0.565138 0.313734 0.564183 0.309871
1 0.565270 0.314258 0.570226 0.311998 0.574236 0.310351 0.574951 0.311787 0.575922 0.312799 0.578961 0.312446 0.582537 0.312069 0.585705 0.311410 0.588003 0.311057 0.588744 0.311904 0.589204 0.312657 0.582282 0.317129 0.571860 0.323860 0.563150 0.329414 0.562180 0.330167 0.559549 0.327601 0.562205 0.325272 0.565066 0.322706 0.567544 0.320259 0.567569 0.319553 0.566931 0.318376 0.566011 0.315693
1 0.528736 0.289455 0.532105 0.289163 0.532931 0.293965 0.534138 0.295838 0.534711 0.297303 0.535347 0.301930 0.530771 0.303275 0.528991 0.298825 0.527529 0.294491 0.528736 0.293438
1 0.515726 0.199284 0.533910 0.199163 0.555802 0.198959 0.567810 0.198757 0.569442 0.209329 0.571207 0.219292 0.570413 0.220473 0.553463 0.221245 0.527997 0.222667 0.520140 0.223034 0.518020 0.221447 0.517226 0.212746
1 0.644604 0.158574 0.645622 0.159335 0.651405 0.162204 0.657950 0.165309 0.658269 0.185219 0.644604 0.179596 0.632846 0.174736 0.632590 0.173624 0.632401 0.172863
1 0.249549 0.152483 0.282573 0.166748 0.308963 0.178274 0.317352 0.181857 0.317963 0.182981 0.309649 0.196895 0.293633 0.223389 0.284251 0.239200 0.282420 0.239200 0.269532 0.226972 0.249930 0.209053 0.255268 0.187760 0.242914 0.180733 0.240549 0.168715 0.240396 0.167029 0.244134 0.161479 0.247031 0.156419
1 0.503259 0.336150 0.504804 0.336070 0.505379 0.335540 0.505775 0.335093 0.506394 0.335093 0.507099 0.335419 0.506481 0.337005 0.507407 0.337370 0.508423 0.337127 0.509219 0.337248 0.509351 0.338021 0.508203 0.338957 0.508335 0.339933 0.509572 0.339771 0.510498 0.339647 0.510896 0.340135 0.510630 0.340869 0.509791 0.342047 0.510100 0.343267 0.510851 0.343714 0.512573 0.343634 0.513191 0.344081 0.513101 0.345097 0.512263 0.346237 0.512882 0.346764 0.513808 0.347009 0.514515 0.346725 0.515089 0.346764 0.515221 0.347456 0.514868 0.348392 0.514425 0.349041 0.513367 0.349490 0.513544 0.350912 0.514117 0.351157 0.514559 0.350994 0.514559 0.351441 0.514206 0.352051 0.513808 0.352457 0.513278 0.352865 0.513235 0.353964 0.513853 0.354736 0.514117 0.355509 0.514425 0.356442 0.515662 0.357623 0.516501 0.358884 0.517384 0.359574 0.518267 0.359574 0.518663 0.361404 0.519811 0.362665 0.520385 0.363397 0.518531 0.364048 0.517693 0.364536 0.513985 0.365430 0.511822 0.365634 0.507099 0.368480 0.504894 0.370188 0.504010 0.369661 0.503834 0.369051 0.503480 0.359980 0.502950 0.354124 0.502818 0.350465 0.503127 0.343146 0.503127 0.338184
1 0.612476 0.107133 0.615920 0.107094 0.621790 0.106970 0.625100 0.107174 0.628014 0.107825 0.631192 0.108963 0.634679 0.110996 0.636533 0.112379 0.638120 0.112908 0.637414 0.120351 0.637590 0.126450 0.638210 0.131128 0.638738 0.133567 0.639489 0.134787 0.640990 0.136211 0.643329 0.137715 0.643682 0.138731 0.643727 0.143775 0.643814 0.152720 0.644168 0.158253 0.635383 0.168419 0.631543 0.172526 0.630353 0.172363 0.629249 0.172689 0.628146 0.173258 0.622231 0.169151 0.619451 0.167564 0.614419 0.165287 0.609872 0.163985 0.605149 0.162318 0.601441 0.161098 0.596499 0.158780 0.596588 0.157356 0.596630 0.153128 0.596630 0.149996 0.596454 0.147637 0.596762 0.145807 0.597514 0.142840 0.599368 0.139708 0.599455 0.137390 0.597469 0.134666 0.596235 0.131738 0.595792 0.130151 0.595881 0.128606 0.607048 0.130681 0.609917 0.118806
1 0.596058 0.213273 0.607269 0.213844 0.620158 0.214656 0.620200 0.217666 0.620775 0.218966 0.622054 0.220147 0.623687 0.221285 0.605592 0.219943 0.596588 0.219333
1 0.582001 0.160392 0.583329 0.159969 0.585372 0.159804 0.587620 0.159969 0.589715 0.160345 0.591222 0.160369 0.592754 0.160039 0.594977 0.159286 0.594466 0.160863 0.594466 0.162204 0.594900 0.162793 0.595947 0.163169 0.596662 0.163663 0.596918 0.164440 0.596662 0.166417 0.596637 0.167994 0.596994 0.168770 0.597888 0.169853 0.599472 0.170888 0.601362 0.171547 0.602614 0.171947 0.604274 0.174489 0.606318 0.177007 0.607518 0.177972 0.609894 0.180937 0.612320 0.183667 0.614951 0.186350 0.617275 0.188021 0.618936 0.188586 0.619574 0.189292 0.620494 0.189857 0.621413 0.190045 0.621899 0.191998 0.618246 0.192516 0.614466 0.192869 0.613010 0.192163 0.610583 0.189433 0.606752 0.189198 0.605194 0.189292 0.599370 0.184868 0.591350 0.177737 0.586905 0.172489 0.586062 0.171759 0.585117 0.169876
1 0.564764 0.172226 0.567401 0.169712 0.569117 0.167819 0.570558 0.166605 0.571569 0.165617 0.574053 0.164091 0.576841 0.162255 0.579476 0.161041 0.581347 0.160420 0.584044 0.169402 0.585453 0.172479 0.587201 0.174032 0.589347 0.176913 0.591922 0.179370 0.594496 0.181714 0.597133 0.184058 0.600749 0.186825 0.605377 0.190186 0.607891 0.190018 0.610343 0.190355 0.611079 0.191118 0.611999 0.192446 0.614419 0.193548 0.617578 0.193320 0.622114 0.192755 0.622573 0.194987 0.623248 0.198517 0.623370 0.199929 0.622420 0.201793 0.620734 0.205097 0.620243 0.208005 0.620151 0.214022 0.605745 0.213175 0.592995 0.212383 0.581837 0.211592 0.571324 0.211536 0.569025 0.198460 0.566237 0.180669
1 0.177016 0.083054 0.181669 0.083054 0.186931 0.082142 0.192041 0.080806 0.196999 0.080524 0.204091 0.080594 0.211260 0.080173 0.219728 0.079541 0.225447 0.079119 0.234066 0.082844 0.243904 0.087621 0.252676 0.090855 0.260379 0.093385 0.263887 0.094650 0.266709 0.095001 0.267244 0.095774 0.263810 0.101606 0.232846 0.098725 0.190973 0.095001 0.184489 0.094579
1 0.334725 0.101969 0.336701 0.102981 0.339887 0.108041 0.342303 0.110875 0.347135 0.117754 0.351198 0.119980 0.354823 0.122612 0.356360 0.123624 0.356252 0.124940 0.356690 0.125546 0.342084 0.150035 0.334834 0.162179 0.334723 0.127368
1 0.163772 0.114728 0.175764 0.119863 0.195443 0.128802 0.213472 0.136560 0.227292 0.142801 0.235530 0.146174 0.235805 0.147184 0.236079 0.147858 0.223906 0.167592 0.218048 0.177543 0.216492 0.177796 0.194253 0.156376 0.172469 0.135801 0.159017 0.122814 0.159200 0.121802 0.158650 0.120706 0.161486 0.117586
1 0.364347 0.216905 0.369532 0.214958 0.377054 0.211883 0.385264 0.208761 0.390136 0.207197 0.391937 0.210663 0.392307 0.212614 0.389289 0.213054 0.383410 0.215103 0.370645 0.219594 0.368155 0.220814 0.367097 0.220520 0.365983 0.220129
1 0.360581 0.208457 0.369215 0.204944 0.376418 0.201967 0.383197 0.199331 0.385315 0.198404 0.387435 0.201820 0.390030 0.206554 0.377212 0.211141 0.368578 0.214607 0.364023 0.216313
1 0.385475 0.163493 0.388908 0.161971 0.393865 0.159863 0.397552 0.158749 0.402763 0.157578 0.405496 0.157227 0.408293 0.157286 0.410009 0.157813 0.418780 0.157870 0.423738 0.157988 0.427614 0.157519 0.427488 0.161092 0.428059 0.164722 0.428631 0.170461 0.429966 0.177547 0.430920 0.181763 0.423610 0.183579 0.418525 0.184281 0.416111 0.186331 0.409819 0.186507 0.403780 0.187327 0.397107 0.187678 0.395581 0.187501 0.390179 0.173916 0.385030 0.165719 0.385539 0.164899
1 0.418968 0.112773 0.421175 0.112704 0.426252 0.111791 0.430223 0.111316 0.433902 0.111043 0.436624 0.111145 0.440779 0.111755 0.445158 0.111891 0.449166 0.111755 0.449717 0.112434 0.450636 0.113010 0.451152 0.113248 0.452514 0.124058 0.437616 0.124499 0.421765 0.125142 0.420477 0.121957 0.419483 0.118127
1 0.140828 0.906260 0.143052 0.905236 0.147395 0.903722 0.150996 0.902551 0.152903 0.902161 0.154651 0.905040 0.156505 0.907968 0.157246 0.910018 0.157669 0.914215 0.163602 0.913971 0.164502 0.913385 0.167946 0.912116 0.172871 0.909969 0.176526 0.908994 0.181028 0.908359 0.183042 0.908017 0.184206 0.908994 0.184894 0.910700 0.184736 0.912799 0.183359 0.915093 0.181982 0.917094 0.182669 0.920753 0.183942 0.922169 0.184736 0.923730 0.184470 0.925780 0.184894 0.928757 0.185954 0.933003 0.187014 0.936566 0.174883 0.940029 0.172818 0.941104 0.168316 0.942469 0.159470 0.944373 0.152163 0.929002 0.145860 0.916313
1 0.140456 0.906552 0.146177 0.918411 0.149725 0.925536 0.153116 0.932661 0.156135 0.938859 0.158782 0.944471 0.156135 0.945495 0.152003 0.947399 0.148401 0.948912 0.145383 0.949937 0.142629 0.950375 0.137808 0.950620 0.134576 0.950620 0.131875 0.951010 0.129704 0.951692 0.124142 0.952961 0.115881 0.954426 0.111379 0.955597 0.110002 0.954768 0.109049 0.954085 0.110530 0.951010 0.115828 0.943006 0.120964 0.934662 0.123719 0.930173 0.128169 0.926658 0.134419 0.921779 0.136113 0.920363 0.140085 0.919388 0.139238 0.917435 0.137067 0.918215 0.135954 0.918608 0.134683 0.918215 0.134049 0.917290 0.131665 0.913824 0.130817 0.912506 0.130817 0.911775 0.136430 0.908749
1 0.112303 0.809394 0.113938 0.810547 0.115851 0.812479 0.116550 0.813191 0.119419 0.813224 0.120670 0.813461 0.123208 0.813428 0.123208 0.814715 0.123687 0.816172 0.118169 0.817325 0.116992 0.817629 0.115741 0.817731 0.113829 0.812446 0.112026 0.809551
1 0.121822 0.784373 0.122957 0.784770 0.123814 0.785305 0.124244 0.786491 0.124336 0.788129 0.125194 0.788327 0.125592 0.791830 0.125837 0.795925 0.125745 0.799567 0.125683 0.800612 0.124979 0.800781 0.124610 0.801543 0.125164 0.804226 0.125715 0.806146 0.125868 0.808351 0.126052 0.811400 0.126022 0.812332 0.125807 0.812671 0.123814 0.812500 0.124244 0.809988 0.123938 0.806288 0.123570 0.803493 0.123110 0.801261 0.122158 0.798749 0.121914 0.798098 0.122190 0.795303 0.122865 0.792449 0.123906 0.788610 0.123325 0.786491
1 0.170304 0.249184 0.174100 0.246297 0.175600 0.245077 0.179706 0.241255 0.181207 0.239953 0.183414 0.237798 0.189593 0.242881 0.194051 0.246540 0.198112 0.249753 0.200275 0.251585 0.194051 0.256870 0.188931 0.261222 0.187341 0.262400 0.182001 0.258172 0.173968 0.251908
1 0.105353 0.780808 0.107782 0.780808 0.111754 0.781092 0.116169 0.781865 0.119302 0.782881 0.120713 0.783532 0.123097 0.787313 0.123186 0.788778 0.122214 0.792846 0.121288 0.797766 0.121375 0.798904 0.122480 0.801506 0.123229 0.804842 0.123406 0.808380 0.123672 0.810737 0.123406 0.811998 0.123142 0.812608 0.121905 0.812854 0.118640 0.812608 0.116609 0.812528 0.114623 0.810373 0.113342 0.809559 0.112195 0.808827 0.111533 0.808827 0.108840 0.804028 0.106105 0.798339 0.105045 0.795005 0.104781 0.793540 0.104736 0.789229 0.105134 0.782885
1 0.047148 0.758874 0.048614 0.760455 0.054334 0.764672 0.063169 0.770177 0.072386 0.774452 0.077914 0.776852 0.085351 0.780073 0.086814 0.780600 0.082490 0.789149 0.080202 0.792840 0.078742 0.794538 0.076899 0.796119 0.075372 0.796821 0.074102 0.797172 0.071241 0.796821 0.062533 0.794713 0.056622 0.793542 0.052618 0.792955 0.048870 0.792430 0.048614 0.786690 0.047725 0.781538 0.046899 0.778551 0.045564 0.771055 0.044738 0.766897 0.044166 0.764497 0.044419 0.762389 0.045183 0.760514
1 0.184483 0.732869 0.192118 0.729418 0.194787 0.737078 0.196769 0.742279 0.188074 0.735462
1 0.169651 0.662573 0.171188 0.666115 0.172835 0.669959 0.175800 0.676639 0.178218 0.684328 0.180194 0.693234 0.182831 0.701634 0.185796 0.710335 0.188101 0.715699 0.189749 0.721973 0.190519 0.725717 0.191837 0.728853 0.183819 0.732497 0.180854 0.730271 0.177339 0.727639 0.172178 0.723287 0.164378 0.716407 0.161305 0.713775 0.153176 0.707805 0.150430 0.705680 0.142852 0.699912 0.145598 0.692728 0.145709 0.690300 0.147135 0.683924 0.148563 0.679370 0.151090 0.674919 0.153176 0.671477 0.156032 0.668543 0.160426 0.664799 0.163940 0.663079 0.166575 0.662471
1 0.109789 0.702520 0.114928 0.703008 0.122925 0.703885 0.130658 0.704862 0.135690 0.705497 0.137437 0.705838 0.138391 0.706423 0.139555 0.707741 0.142046 0.711596 0.145807 0.717745 0.147024 0.720380 0.148084 0.723407 0.149672 0.726627 0.151843 0.732385 0.145434 0.734240 0.141516 0.735070 0.137597 0.735411 0.130658 0.735509 0.125043 0.737313 0.117893 0.739755 0.113020 0.741804 0.114132 0.740096 0.115722 0.734824 0.117363 0.729896 0.117682 0.725895 0.117682 0.722236 0.115828 0.716331 0.113020 0.709645 0.109579 0.703056
1 0.047852 0.756533 0.053827 0.756533 0.058974 0.756005 0.065521 0.754540 0.068889 0.753195 0.068825 0.752198 0.069461 0.752375 0.074229 0.751379 0.078423 0.751143 0.087386 0.751086 0.093297 0.751086 0.098699 0.751320 0.103657 0.751320 0.104102 0.752257 0.104991 0.752785 0.105500 0.752959 0.106071 0.757468 0.104736 0.757703 0.104227 0.761275 0.104483 0.765140 0.104291 0.767951 0.103657 0.770294 0.101622 0.773279 0.101877 0.774921 0.101939 0.780833 0.092469 0.780190 0.088276 0.780367 0.086941 0.779545 0.081347 0.777203 0.074483 0.774042 0.071305 0.772812 0.066920 0.770820 0.063106 0.769006 0.057703 0.765432 0.053127 0.762504 0.049376 0.759753 0.047471 0.757878
1 0.068940 0.751273 0.075043 0.750078 0.080000 0.749867 0.086330 0.750008 0.088312 0.750078 0.090143 0.750288 0.092356 0.750078 0.095026 0.750288 0.099906 0.750288 0.103795 0.750429 0.104253 0.750008 0.103491 0.748251 0.100975 0.744034 0.098304 0.740522 0.094110 0.735603 0.089762 0.730682 0.088846 0.729700 0.084957 0.722391 0.080151 0.714099 0.075194 0.705174 0.074662 0.704401 0.071000 0.708266 0.068255 0.710796 0.065509 0.713046 0.064593 0.714028 0.063829 0.714732 0.061848 0.716207 0.060321 0.717050 0.059102 0.718525 0.058340 0.719300 0.057805 0.719861 0.056890 0.721689 0.059713 0.725976 0.062533 0.731667 0.064670 0.737219 0.066575 0.742418 0.067490 0.744387 0.068178 0.747268
1 0.105362 0.749214 0.106037 0.749241 0.110083 0.743905 0.112656 0.740375 0.114189 0.735884 0.116028 0.729700 0.116428 0.725972 0.116396 0.722610 0.114802 0.717301 0.111430 0.709055 0.108550 0.703350 0.108212 0.702108 0.107784 0.699792 0.106496 0.697307 0.105730 0.694030 0.104964 0.689259 0.104259 0.686660 0.103278 0.684683 0.103278 0.682198 0.103523 0.680249 0.102482 0.679318 0.101501 0.678810 0.098619 0.680390 0.095585 0.682340 0.092886 0.684091 0.090160 0.686038 0.089668 0.686744 0.088627 0.687480 0.087554 0.688523 0.086420 0.689682 0.085683 0.690359 0.084059 0.691998 0.082925 0.693240 0.081822 0.695246 0.081026 0.696460 0.080228 0.697533 0.079585 0.699086 0.079093 0.700384 0.077899 0.701430 0.075600 0.703407 0.080749 0.713065 0.084457 0.719023 0.086328 0.722357 0.087861 0.725434 0.089270 0.727835 0.092765 0.732044 0.096258 0.736391 0.100151 0.741137 0.102880 0.745005
1 0.472286 0.445440 0.473927 0.446027 0.475517 0.445880 0.475411 0.451785 0.474617 0.459445 0.474087 0.462032 0.473080 0.465205 0.472550 0.467694 0.472126 0.470328 0.472180 0.473695 0.473080 0.477111 0.474191 0.480137 0.475517 0.482236 0.478536 0.485944 0.477476 0.485944 0.476045 0.484675 0.474191 0.483652 0.472763 0.482967 0.471914 0.482383 0.470590 0.479600 0.469636 0.477405 0.469479 0.470328 0.470009 0.463008 0.471013 0.453591
1 0.454276 0.408890 0.455283 0.415478 0.455813 0.420210 0.456501 0.420649 0.460262 0.416746 0.469585 0.407229 0.481396 0.395323 0.491724 0.384928 0.499987 0.376778 0.503746 0.372971 0.499615 0.368727 0.495060 0.363114 0.494108 0.360039 0.493365 0.355842 0.492571 0.354573 0.491724 0.353648 0.489870 0.353061 0.488069 0.353012 0.484521 0.354183 0.479223 0.356186 0.485526 0.357600 0.481713 0.359894 0.482667 0.361504 0.483301 0.362091 0.484891 0.362187 0.486479 0.364285 0.487116 0.367115 0.486692 0.370043 0.485421 0.372777 0.487275 0.375168 0.488440 0.376925 0.487857 0.378047 0.484998 0.377558 0.481501 0.380975 0.469585 0.393224 0.463599 0.399569
1 0.548476 0.342948 0.546526 0.339794 0.550866 0.337558 0.554693 0.335221 0.556862 0.333763 0.560504 0.331594 0.561682 0.331018 0.565875 0.334711 0.568155 0.336711 0.566977 0.341524 0.570140 0.343964 0.570140 0.345625 0.572165 0.347352 0.571980 0.347758 0.570766 0.346844 0.568559 0.345048 0.555685 0.343116 0.551567 0.342438
1 0.526039 0.307296 0.527254 0.307364 0.530232 0.311294 0.534278 0.315768 0.537001 0.317904 0.539170 0.318784 0.543953 0.320037 0.548218 0.320986 0.549285 0.318751 0.547961 0.317564 0.545607 0.315260 0.543989 0.313905 0.540053 0.309837 0.539097 0.307227 0.537884 0.303093 0.536154 0.302077 0.539061 0.299908 0.544430 0.305532 0.550021 0.311700 0.554436 0.316378 0.560430 0.322275 0.561535 0.320716 0.565138 0.317531 0.563889 0.314852 0.564623 0.314515 0.565875 0.316988 0.566573 0.319088 0.567052 0.319971 0.563006 0.323934 0.558959 0.327290 0.554361 0.327833 0.553883 0.327154 0.552559 0.326613 0.551750 0.326850 0.550611 0.327629 0.545534 0.326376 0.538765 0.322816 0.534572 0.319733 0.529681 0.313497 0.525526 0.308447
1 0.506641 0.327005 0.506926 0.329639 0.512503 0.329894 0.514129 0.330571 0.515600 0.331559 0.517867 0.334752 0.519278 0.337858 0.519921 0.340767 0.521332 0.342942 0.523631 0.345736 0.525194 0.347092 0.530189 0.348872 0.535002 0.348053 0.540519 0.346189 0.544074 0.344748 0.547967 0.343420 0.545639 0.339835 0.552995 0.335683 0.561026 0.330600 0.559155 0.328510 0.554251 0.328933 0.553516 0.329498 0.552656 0.329837 0.551462 0.330798 0.550696 0.331222 0.543861 0.331081 0.541347 0.330741 0.537944 0.335062 0.532427 0.340229 0.528872 0.343138 0.525777 0.339043 0.522067 0.333848 0.519953 0.331645 0.514097 0.327070 0.509685 0.326986
1 0.452439 0.424007 0.454347 0.423128 0.454877 0.423324 0.456094 0.423373 0.457735 0.427325 0.459749 0.430888 0.463084 0.435670 0.465945 0.439476 0.468116 0.442014 0.469917 0.443771 0.471667 0.445236 0.470628 0.452024 0.469828 0.458719 0.469308 0.465664 0.468880 0.471993 0.468970 0.476593 0.470564 0.481426 0.465262 0.478459 0.463853 0.478176 0.466856 0.474252 0.467375 0.472016 0.467835 0.466058 0.468176 0.461628 0.468233 0.460329 0.469091 0.452224 0.466364 0.446801 0.464219 0.442679 0.462535 0.438302 0.461273 0.436548 0.457969 0.431889 0.454351 0.426184
1 0.407614 0.450418 0.415189 0.444660 0.418895 0.441926 0.422923 0.438902 0.420645 0.444903 0.419691 0.450126 0.419955 0.454956 0.421069 0.461398 0.421756 0.466474 0.421862 0.468717 0.421596 0.471304 0.421069 0.474281 0.420645 0.477062 0.420168 0.480333 0.420115 0.483358 0.420539 0.486872 0.420856 0.490531 0.420749 0.493899 0.420379 0.497705 0.418525 0.496584 0.417095 0.495899 0.415507 0.495168 0.413176 0.493460 0.410528 0.490141 0.408727 0.487456 0.406343 0.482869 0.404332 0.479990 0.402105 0.477990 0.400304 0.476184 0.398980 0.473793 0.398610 0.470231 0.398399 0.466815 0.399351 0.463156 0.402001 0.463789 0.403959 0.459202 0.407456 0.454615
1 0.424802 0.437592 0.428067 0.436005 0.432041 0.433973 0.436939 0.431614 0.442105 0.429255 0.448548 0.425962 0.451858 0.424293 0.453448 0.426246 0.454991 0.428929 0.457199 0.432020 0.459981 0.436046 0.461877 0.438610 0.462893 0.441822 0.465055 0.445970 0.468365 0.452516 0.467439 0.461993 0.466999 0.468661 0.466645 0.472769 0.466337 0.473744 0.463997 0.476876 0.463378 0.477933 0.460775 0.477243 0.457552 0.476062 0.455743 0.474477 0.453625 0.471996 0.452256 0.470614 0.451328 0.467725 0.450666 0.464391 0.447754 0.461545 0.443252 0.457152 0.439898 0.452842 0.435219 0.447474 0.432835 0.445399 0.430407 0.443732 0.427848 0.441659
1 0.380885 0.365338 0.383480 0.364495 0.389200 0.363862 0.391411 0.361051 0.393699 0.358872 0.397131 0.356554 0.400106 0.354938 0.402395 0.352548 0.403844 0.351494 0.405064 0.350861 0.410251 0.355077 0.410021 0.356203 0.410326 0.357256 0.404376 0.361824 0.389046 0.374262 0.380734 0.381008 0.379285 0.381149 0.379666 0.379251 0.379666 0.375880 0.380504 0.371522 0.381192 0.369555
1 0.319391 0.349480 0.324140 0.345693 0.329225 0.341251 0.332403 0.338519 0.332616 0.360773 0.332774 0.366774 0.330815 0.364432 0.329119 0.362285 0.328165 0.360479 0.326841 0.356235 0.323983 0.354330 0.319327 0.351226
1 0.312261 0.341518 0.317912 0.340345 0.320072 0.339584 0.322107 0.337592 0.325158 0.335132 0.327891 0.333142 0.329353 0.331912 0.330624 0.331385 0.331894 0.330506 0.331958 0.337476 0.318865 0.348719 0.316260 0.348366 0.313146 0.342979
1 0.410413 0.358698 0.410811 0.358209 0.411826 0.358496 0.412797 0.358170 0.419815 0.364799 0.424934 0.369272 0.431113 0.374883 0.436277 0.379845 0.440956 0.384277 0.445062 0.388060 0.447665 0.394038 0.450049 0.399975 0.452433 0.405709 0.452786 0.407743 0.454772 0.420269 0.454066 0.421081 0.454021 0.421814 0.454110 0.422789 0.452212 0.423603 0.450402 0.422587 0.447488 0.419780 0.445370 0.418276 0.442546 0.413679 0.439014 0.407539 0.436322 0.402659 0.433719 0.400016 0.430849 0.397576 0.426877 0.394974 0.424889 0.393224 0.423257 0.392045 0.422418 0.390988 0.421801 0.389645 0.421403 0.387003 0.420521 0.383871 0.418269 0.379357 0.414606 0.371345 0.412488 0.365246
1 0.335636 0.285544 0.345428 0.295158 0.355496 0.304519 0.355496 0.307386 0.355313 0.309916 0.347258 0.302410 0.341311 0.296676 0.335545 0.291700
1 0.176315 0.083630 0.184112 0.095232 0.198770 0.096584 0.218691 0.098241 0.246007 0.100573 0.263463 0.102108 0.251871 0.121875 0.237878 0.144832 0.236345 0.145570 0.212160 0.135256 0.182846 0.122120 0.164857 0.114324 0.164123 0.113709 0.165255 0.111806 0.166390 0.108184 0.168389 0.102475 0.171320 0.097074 0.173851 0.091181 0.175449 0.086944
1 0.360413 0.207976 0.374736 0.202110 0.385679 0.197711 0.389061 0.203393 0.391845 0.209259 0.392642 0.211459 0.392642 0.212926 0.395228 0.213108 0.395228 0.212742 0.394432 0.211826 0.394034 0.211092 0.394234 0.210177 0.394830 0.209625 0.395626 0.209076 0.396224 0.203210 0.391845 0.196429 0.389259 0.193679 0.387469 0.191663 0.386077 0.189647 0.383889 0.186164 0.382099 0.180298 0.379911 0.170582 0.376726 0.160135 0.375532 0.151520 0.374538 0.141255 0.370958 0.138506 0.367375 0.135023 0.363993 0.130990 0.361407 0.127692 0.360015 0.126409 0.358821 0.126591 0.357827 0.126409 0.352852 0.134473 0.345492 0.146388 0.351660 0.148955 0.351660 0.154454 0.354842 0.158668 0.354842 0.163801 0.355241 0.163801 0.356833 0.162336 0.357231 0.162518 0.360613 0.169117 0.363397 0.174432 0.366381 0.177549 0.369962 0.181765 0.372350 0.185430 0.369764 0.186164 0.366779 0.186897 0.362601 0.187996 0.361607 0.188362 0.360215 0.190930 0.358027 0.194046 0.357231 0.194962 0.355639 0.197711 0.356833 0.200278
1 0.396339 0.188370 0.400609 0.188137 0.406237 0.187594 0.410319 0.187323 0.415800 0.186950 0.416609 0.186782 0.418889 0.184985 0.421869 0.184679 0.428453 0.183120 0.431139 0.182240 0.432205 0.187527 0.433934 0.192712 0.435773 0.197388 0.438751 0.207182 0.441290 0.217213 0.442173 0.221043 0.443201 0.227211 0.429261 0.227888 0.408297 0.228870 0.407450 0.228668 0.406752 0.228092 0.405796 0.227584 0.405206 0.225754 0.404619 0.223958 0.404104 0.220263 0.403736 0.215079 0.403625 0.210029 0.403808 0.206370 0.403699 0.202844 0.403883 0.198406 0.403846 0.196237 0.403404 0.194542 0.402780 0.192848 0.401564 0.191661 0.398587 0.189729
1 0.240102 0.147068 0.261003 0.156091 0.292084 0.169678 0.307974 0.176529 0.317569 0.180628 0.318587 0.179867 0.320238 0.179516 0.330790 0.162065 0.330854 0.125758 0.330409 0.102334 0.327993 0.100810 0.326914 0.100694 0.324181 0.101220 0.322146 0.101514 0.321130 0.101455 0.317380 0.099521 0.311658 0.096537 0.309879 0.095833 0.308099 0.095248 0.304921 0.095189 0.301490 0.094721 0.297739 0.092671 0.296024 0.091793 0.292718 0.091734 0.287507 0.091032 0.284519 0.091910 0.278989 0.093140 0.275113 0.093960 0.270981 0.094838 0.270664 0.095599 0.269711 0.096242 0.268565 0.096360 0.259921 0.110941 0.247212 0.132257 0.239202 0.145434 0.239583 0.146078
1 0.469281 0.356362 0.464315 0.354599 0.465785 0.353718 0.469170 0.351855 0.472995 0.350024 0.478440 0.348262 0.483257 0.346195 0.486935 0.346331 0.490981 0.344636 0.492895 0.343756 0.497897 0.341316 0.500324 0.344093 0.501060 0.345348 0.502495 0.347076 0.502273 0.352228 0.502752 0.358462 0.503082 0.366595 0.503229 0.369545 0.503561 0.370257 0.504223 0.370732 0.504738 0.370732 0.504738 0.371375 0.504628 0.371849 0.504370 0.371747 0.501722 0.369206 0.498595 0.365648 0.495947 0.362326 0.494991 0.358396 0.494366 0.355311 0.493851 0.353752 0.492710 0.352838 0.491017 0.352228 0.489400 0.351991 0.488112 0.351991 0.486162 0.352565 0.483553 0.353550 0.482043 0.354193 0.479689 0.354770 0.478806 0.355007 0.477410 0.355176 0.474981 0.355278 0.473180 0.355446
1 0.435292 0.331324 0.436616 0.327711 0.438997 0.322930 0.442229 0.319904 0.444506 0.318196 0.446679 0.321563 0.449645 0.326003 0.451286 0.328396 0.450228 0.330298 0.449327 0.332934 0.448904 0.335764 0.448638 0.337325 0.448374 0.340155 0.447844 0.340351 0.447207 0.340741 0.444719 0.339374 0.444402 0.338594 0.443872 0.337813 0.442918 0.337325 0.441752 0.337423
1 0.525596 0.348257 0.530628 0.349965 0.533912 0.349184 0.536880 0.348598 0.541062 0.346939 0.545830 0.345134 0.548318 0.344109 0.549749 0.343669 0.551973 0.343522 0.554464 0.343816 0.559176 0.344548 0.565532 0.345572 0.568076 0.346109 0.569187 0.346939 0.570564 0.347964 0.571941 0.348892 0.570937 0.354162 0.570511 0.357821 0.570511 0.359871 0.567705 0.359431 0.564738 0.358700 0.564104 0.358309 0.562780 0.358553 0.560873 0.359725 0.557801 0.361385 0.554251 0.362897 0.551496 0.363873 0.547207 0.365142 0.542759 0.366021 0.537461 0.366897 0.533118 0.367143 0.529410 0.367337 0.527080 0.367143 0.524908 0.366654 0.521147 0.367631 0.514687 0.369290 0.510026 0.370216 0.507854 0.370559 0.505364 0.370655 0.505311 0.370510 0.506211 0.369874 0.507482 0.368851 0.509919 0.367435 0.511509 0.366458 0.514791 0.365923 0.517652 0.365142 0.521784 0.363579 0.520353 0.362750 0.519136 0.360896 0.518870 0.358896 0.517016 0.358798 0.515958 0.357139 0.514845 0.355674 0.519453 0.352257 0.523214 0.349525 0.529251 0.353087 0.530894 0.355480 0.533542 0.357821 0.536667 0.360310 0.538467 0.361434 0.539951 0.361579 0.543446 0.360018 0.544506 0.360212 0.546890 0.359480 0.551709 0.357284 0.551073 0.352650 0.550279 0.348500 0.549272 0.346695 0.548318 0.345768 0.547524 0.345719 0.544664 0.346646 0.540692 0.347964 0.537250 0.349282 0.535607 0.349722 0.531848 0.351136 0.529304 0.352355 0.528987 0.352942 0.523214 0.349525
1 0.530062 0.352769 0.533629 0.351108 0.536609 0.350227 0.537933 0.349888 0.541207 0.348533 0.544738 0.347482 0.546173 0.346839 0.547018 0.346499 0.548231 0.346433 0.548968 0.347313 0.549740 0.349414 0.550181 0.352702 0.550771 0.355921 0.550807 0.356939 0.547937 0.358360 0.545730 0.359310 0.544370 0.359580 0.542752 0.359208 0.541575 0.360090 0.539404 0.360937 0.538155 0.360565 0.535396 0.358327 0.532269 0.355752 0.530981 0.354464
1 0.407678 0.449794 0.423744 0.437472 0.436809 0.431086 0.442282 0.428484 0.451420 0.423930 0.449036 0.422222 0.444357 0.418155 0.439679 0.410184 0.436060 0.403473 0.432748 0.400302 0.430983 0.398594 0.424406 0.394203 0.422067 0.392087 0.420964 0.389404 0.420656 0.386801 0.419155 0.382897 0.416418 0.377245 0.413593 0.370859 0.410990 0.363052 0.409930 0.359025 0.401852 0.365491 0.389759 0.375252 0.381550 0.381920 0.381814 0.383018 0.381550 0.383628 0.380975 0.384075 0.383844 0.392087 0.384728 0.394283 0.385300 0.395503 0.386228 0.397090 0.387244 0.398066 0.388214 0.399651 0.388787 0.401279 0.389053 0.403434 0.389361 0.405181 0.389891 0.406321 0.390641 0.407582 0.392141 0.409696 0.394481 0.412908 0.396467 0.415836 0.396424 0.417219 0.397395 0.422344 0.397880 0.424742 0.397925 0.426695 0.398453 0.429419 0.398629 0.431494 0.398851 0.432916 0.399159 0.433567 0.400573 0.434909 0.402337 0.436252 0.402691 0.437188 0.403176 0.439627 0.403352 0.441173 0.403795 0.443369 0.405074 0.444995 0.406797 0.446582 0.407546 0.447231
1 0.157835 0.123638 0.170496 0.135654 0.183842 0.148304 0.198944 0.162708 0.207486 0.170861 0.215647 0.178590 0.215647 0.180067 0.211452 0.183440 0.200241 0.193628 0.182011 0.209439 0.157682 0.231224 0.151886 0.236776 0.150132 0.237268 0.144640 0.234456 0.140140 0.233122 0.137241 0.231928 0.134342 0.230100 0.129842 0.227921 0.125724 0.225742 0.120996 0.222932 0.117182 0.219208 0.112071 0.214218 0.108870 0.210704 0.106656 0.206770 0.103378 0.206066 0.100556 0.204872 0.101547 0.202834 0.105360 0.196370 0.108412 0.192363 0.110928 0.189482 0.113674 0.186952 0.117639 0.183018 0.121224 0.178519 0.125649 0.170439 0.133504 0.155682 0.137241 0.148725 0.141360 0.141908 0.145402 0.136076 0.150206 0.128345 0.153029 0.125676 0.156156 0.123356
1 0.175309 0.254089 0.176343 0.254530 0.180155 0.257868 0.188165 0.263842 0.198333 0.271865 0.207297 0.278717 0.218355 0.287207 0.227444 0.294118 0.224966 0.298100 0.222105 0.302551 0.220898 0.303956 0.217974 0.305070 0.215877 0.305421 0.213333 0.305185 0.203736 0.302608 0.195664 0.300208 0.192486 0.299155 0.189181 0.297221 0.183525 0.292244 0.179966 0.289784 0.176724 0.287558 0.174945 0.285744 0.175834 0.273095 0.176088 0.268235 0.176215 0.260855 0.175072 0.254883
1 0.242337 0.311802 0.247369 0.307703 0.254361 0.301995 0.260664 0.296627 0.265324 0.292918 0.271098 0.287794 0.275123 0.284719 0.277878 0.282132 0.279466 0.285305 0.280685 0.289063 0.281797 0.294772 0.282539 0.297749 0.285398 0.303165 0.289159 0.310388 0.291648 0.316340 0.294668 0.320147 0.300281 0.323856 0.301765 0.324540 0.303195 0.326882 0.305260 0.330347 0.307750 0.334934 0.300230 0.333665 0.292337 0.333714 0.287041 0.335081 0.282114 0.337521 0.278831 0.339374 0.275547 0.342644 0.271522 0.347817 0.269455 0.351332 0.266596 0.346744 0.258704 0.335521 0.252878 0.328541 0.250653 0.325711 0.245515 0.317170
1 0.345249 0.146956 0.351075 0.149396 0.350917 0.154324 0.354253 0.158863 0.354253 0.163840 0.354625 0.164475 0.355260 0.164377 0.356850 0.163108 0.358704 0.166623 0.362358 0.173991 0.363046 0.175162 0.366330 0.178529 0.368448 0.181018 0.371309 0.185166 0.360185 0.188388 0.359498 0.189559 0.359551 0.190631 0.357537 0.193707 0.356426 0.195123 0.355790 0.194048 0.354996 0.193169 0.354042 0.193169 0.353142 0.193707 0.345832 0.190631 0.334974 0.185752 0.335345 0.175309 0.335134 0.164036
1 0.204645 0.275780 0.207910 0.272040 0.212501 0.267607 0.219430 0.272202 0.219651 0.266915 0.223712 0.267851 0.227199 0.268582 0.230817 0.271430 0.234304 0.274234 0.237350 0.276513 0.232761 0.283059 0.231569 0.283222 0.230773 0.284036 0.230596 0.284850 0.230862 0.285946 0.231392 0.286517 0.227684 0.293510 0.218372 0.286435 0.207822 0.278343
1 0.260743 0.231616 0.262774 0.229908 0.266526 0.226574 0.273587 0.232755 0.278840 0.237878 0.281886 0.240482 0.281797 0.241579 0.276015 0.246378 0.269747 0.251908 0.266877 0.254430 0.263876 0.246460 0.262420 0.241457 0.261671 0.237878
1 0.335939 0.330016 0.337971 0.328025 0.341405 0.323632 0.344138 0.320353 0.345662 0.318596 0.354434 0.318186 0.355451 0.311392 0.356149 0.309051 0.356277 0.305303 0.362825 0.311159 0.362569 0.312212 0.362886 0.313385 0.346171 0.328025 0.335747 0.337043
1 0.335481 0.292677 0.341075 0.297772 0.347937 0.304156 0.354802 0.310537 0.353659 0.317449 0.345713 0.317682 0.339549 0.324534 0.335926 0.328984 0.335798 0.308429
1 0.370598 0.319021 0.384236 0.331502 0.400892 0.346850 0.404828 0.350392 0.403729 0.350730 0.399244 0.354777 0.395400 0.357054 0.392107 0.359500 0.390094 0.361608 0.388721 0.363208 0.384053 0.363714 0.380300 0.364895 0.378744 0.362449 0.377920 0.359247 0.377097 0.354356 0.376364 0.347947 0.375541 0.341959 0.374534 0.337996 0.372063 0.331502 0.368676 0.324250 0.367120 0.320539
1 0.462673 0.197143 0.465470 0.196792 0.467950 0.196205 0.468395 0.201300 0.468203 0.207215 0.468904 0.213305 0.470683 0.220098 0.472335 0.223144 0.470428 0.224548 0.468395 0.225544 0.467186 0.225193 0.465534 0.224020
1 0.422103 0.125778 0.441648 0.124948 0.452505 0.124703 0.454623 0.141979 0.455047 0.144760 0.448108 0.144028 0.441275 0.143783 0.436826 0.143442 0.427982 0.143248 0.426869 0.136903 0.424168 0.130120
1 0.642073 0.212785 0.644926 0.215215 0.648787 0.217868 0.646364 0.221765 0.644189 0.224166 0.641737 0.226256 0.640726 0.227019 0.639806 0.227019 0.639836 0.224505 0.640847 0.218009 0.641460 0.214932
1 0.524517 0.281879 0.524834 0.281820 0.529157 0.284807 0.531571 0.286388 0.531954 0.287676 0.532143 0.288672 0.528203 0.288847 0.528140 0.293181 0.524708 0.295758 0.524645 0.288613
1 0.306256 0.240177 0.309642 0.241863 0.312846 0.243212 0.311748 0.247766 0.309642 0.251814 0.304425 0.259404 0.298201 0.253838 0.300673 0.249790 0.302686 0.246923 0.303327 0.245236 0.304883 0.243044
1 0.453406 0.405060 0.453891 0.406646 0.454155 0.408151 0.459364 0.402987 0.466867 0.395097 0.473885 0.387939 0.480815 0.380824 0.484700 0.376960 0.486464 0.377245 0.487303 0.377529 0.487788 0.376878 0.484610 0.372771 0.486066 0.370371 0.486377 0.366793 0.485892 0.364677 0.485539 0.363824 0.484257 0.362848 0.482888 0.362604 0.481875 0.361628 0.481301 0.360328 0.477991 0.362320 0.474768 0.366590 0.471413 0.370616 0.468765 0.373503 0.466162 0.376837 0.467352 0.379602 0.467795 0.382206 0.467220 0.385134 0.464704 0.390094 0.462101 0.394079 0.458791 0.398757 0.456407 0.402051
1 0.428212 0.144368 0.443238 0.145070 0.454906 0.145562 0.457271 0.165589 0.459940 0.187725 0.463297 0.215625 0.464440 0.224409 0.463297 0.224760 0.462916 0.225742 0.462686 0.226235 0.444153 0.227148 0.441560 0.214148 0.438510 0.202834 0.435383 0.193840 0.433323 0.187866 0.431415 0.179223 0.429966 0.172265 0.429051 0.164185 0.428593 0.157860 0.428135 0.151816
1 0.453395 0.111292 0.459879 0.111000 0.468014 0.111761 0.477039 0.111587 0.483203 0.111702 0.487527 0.112757 0.492101 0.114105 0.496677 0.117266 0.498648 0.119141 0.502080 0.121657 0.505385 0.123122 0.505258 0.124001 0.505641 0.124703 0.506848 0.125699 0.508182 0.137821 0.510979 0.164056 0.513712 0.190526 0.516890 0.221387 0.515809 0.221971 0.515492 0.222557 0.515300 0.223259 0.489940 0.224548 0.469983 0.225603 0.473161 0.223495 0.471762 0.220682 0.470683 0.217052 0.469413 0.212544 0.468966 0.206219 0.468966 0.201885 0.468904 0.198957 0.468648 0.197904 0.469029 0.195385 0.465407 0.196205 0.462420 0.196439 0.460260 0.178109 0.456381 0.145668 0.452250 0.112757 0.452950 0.112053
1 0.384153 0.166835 0.384330 0.166752 0.387552 0.171714 0.389361 0.174562 0.392054 0.181881 0.393555 0.185460 0.394525 0.188021 0.392054 0.188468 0.388963 0.180335 0.386669 0.173463 0.385521 0.170616
1 0.320747 0.183263 0.331235 0.187772 0.331362 0.193512 0.328057 0.191638 0.325198 0.190057 0.322654 0.188007 0.320683 0.185899 0.318778 0.184375 0.318968 0.183732 0.320113 0.183850
1 0.309685 0.252736 0.310375 0.254485 0.308697 0.257998 0.313425 0.260669 0.316171 0.261722 0.318993 0.262073 0.322501 0.260808 0.321281 0.263760 0.321969 0.265307 0.321435 0.266852 0.318384 0.272334 0.311443 0.265938 0.304732 0.259825 0.308316 0.254695
1 0.546254 0.256874 0.543521 0.258572 0.540979 0.260329 0.537420 0.262671 0.539962 0.268878 0.541741 0.272685 0.543838 0.277311 0.548033 0.277252 0.551656 0.277019 0.548734 0.273446 0.545617 0.267884 0.545111 0.265130 0.545236 0.260386
1 0.543031 0.223059 0.569389 0.221626 0.570579 0.222469 0.572135 0.223228 0.573050 0.228539 0.573691 0.234442 0.573966 0.241863 0.574423 0.246754 0.575888 0.251477 0.576162 0.255525 0.565636 0.255946 0.556850 0.255946 0.547148 0.256115 0.548338 0.253163 0.550260 0.251392 0.549711 0.243887 0.547148 0.241273 0.545409 0.239418 0.544493 0.237562 0.543853 0.234695
1 0.512874 0.286880 0.516686 0.285052 0.523397 0.282100 0.523627 0.292924 0.523855 0.305291 0.523093 0.305432 0.518897 0.297560
1 0.327788 0.218086 0.331364 0.220039 0.331275 0.221543 0.328054 0.226464 0.325581 0.224715 0.323817 0.223779 0.326156 0.220851
1 0.301181 0.213471 0.303778 0.214740 0.302878 0.218547 0.304413 0.219718 0.305473 0.220888 0.302982 0.225574 0.300441 0.230892 0.299540 0.233234 0.296679 0.231869 0.293131 0.234113 0.292337 0.238749 0.285981 0.238749 0.292284 0.227866 0.299487 0.216154
1 0.546890 0.256803 0.561914 0.256662 0.568016 0.256662 0.575949 0.256240 0.576100 0.260035 0.576177 0.262848 0.575185 0.267696 0.575492 0.273177 0.575719 0.277674 0.576407 0.280345 0.576865 0.283156 0.577320 0.291798 0.577320 0.297421 0.577473 0.299318 0.577016 0.300443 0.575873 0.301567 0.575262 0.301777 0.568550 0.301918 0.562297 0.302128 0.561228 0.297492 0.560617 0.293836 0.559855 0.287231 0.557567 0.284069 0.551467 0.276058 0.547576 0.270367 0.545975 0.267062 0.545668 0.264673 0.545822 0.261583 0.545975 0.259614
1 0.379323 0.245982 0.373831 0.246825 0.374823 0.254766 0.378561 0.253852 0.378408 0.252938 0.379095 0.251955 0.380162 0.251251
1 0.386986 0.249631 0.390587 0.249437 0.391541 0.255293 0.392759 0.260904 0.393501 0.264028 0.391277 0.264613 0.389581 0.264809 0.389210 0.264369 0.387993 0.257488
1 0.381271 0.249808 0.386145 0.249710 0.387046 0.255126 0.387946 0.260786 0.388846 0.265179 0.383548 0.266399 0.381694 0.255176 0.382701 0.254589 0.383072 0.253175 0.382490 0.252002 0.381377 0.251126
1 0.353291 0.323399 0.363459 0.314379 0.364666 0.314556 0.365811 0.314262 0.370132 0.318245 0.366384 0.320412 0.368163 0.324803 0.370324 0.329488 0.372548 0.334232 0.373693 0.338096 0.375281 0.343426 0.375726 0.348286 0.376426 0.353850 0.377060 0.358359 0.377822 0.362106 0.379540 0.365034 0.377697 0.365736 0.376552 0.365795 0.373883 0.358945 0.371277 0.351800 0.367654 0.342722 0.364921 0.336164 0.363523 0.332593
1 0.331807 0.269406 0.331999 0.284573 0.325643 0.278951
1 0.383608 0.267180 0.395366 0.264252 0.397718 0.263609 0.400513 0.263491 0.405409 0.270518 0.412527 0.281587 0.414053 0.284630 0.414434 0.286388 0.414242 0.292536 0.413352 0.301028 0.412844 0.305946 0.412908 0.309284 0.413734 0.314087 0.415324 0.320763 0.416086 0.327205 0.416722 0.331010 0.417612 0.333003 0.418120 0.333938 0.420409 0.336515 0.423968 0.340557 0.426000 0.342722 0.426573 0.343895 0.420026 0.348872 0.412654 0.354903 0.411128 0.354670 0.407252 0.351096 0.400577 0.344715 0.388374 0.333646 0.373184 0.319708 0.366637 0.313385 0.366573 0.311979 0.375662 0.304015 0.385705 0.295876 0.387039 0.295876 0.388629 0.295348 0.389200 0.294118 0.389074 0.293240 0.387801 0.292185 0.387420 0.291893 0.385960 0.281761
1 0.335468 0.279502 0.338291 0.282663 0.340349 0.279290 0.341418 0.279502 0.349044 0.287443 0.351637 0.289761 0.350187 0.291728 0.353621 0.294962 0.357129 0.298404 0.359721 0.301004 0.362163 0.303183 0.362544 0.305079 0.362239 0.306344 0.361401 0.307892 0.348968 0.296366 0.344544 0.292291 0.335545 0.283858
1 0.351362 0.291371 0.355566 0.285538 0.360598 0.278721 0.362124 0.281461 0.363727 0.286029 0.364413 0.289755 0.364259 0.292214 0.363116 0.296289 0.362429 0.299312 0.362735 0.302753 0.356252 0.296360
1 0.335590 0.260541 0.343414 0.264042 0.349089 0.262608 0.352842 0.269102 0.356137 0.273738 0.360072 0.278123 0.352201 0.289002 0.347625 0.285123 0.343963 0.280990 0.342226 0.278882 0.340030 0.278292 0.338199 0.281496 0.335636 0.278713 0.335636 0.277449 0.337467 0.274497 0.335636 0.272726 0.335545 0.265644
1 0.239444 0.282453 0.242418 0.280767 0.244476 0.283999 0.240968 0.285334
1 0.245888 0.295503 0.251075 0.292198 0.255040 0.295783 0.252982 0.296768 0.249549 0.299437
1 0.255879 0.289529 0.261220 0.285734 0.263659 0.287702 0.264804 0.289249 0.261677 0.291847 0.259693 0.293534
1 0.268693 0.283626 0.269989 0.283205 0.274489 0.281308 0.276169 0.282432 0.273116 0.284891 0.271439 0.286507
1 0.293448 0.262514 0.296575 0.260075 0.300123 0.257294 0.303565 0.260124 0.296679 0.266029
1 0.299185 0.264589 0.303900 0.260539 0.306337 0.262685 0.301409 0.266786
1 0.282612 0.242750 0.267205 0.255748 0.272546 0.267905 0.277273 0.280133 0.278189 0.281188 0.280172 0.279641 0.276665 0.275495 0.283453 0.269453 0.287569 0.273387 0.295960 0.266501 0.292529 0.262565 0.299774 0.256803 0.290849 0.248300 0.287265 0.251673 0.281239 0.245701
1 0.428365 0.344152 0.428670 0.344011 0.430119 0.344783 0.430958 0.344715 0.432712 0.346752 0.435764 0.350055 0.438357 0.353006 0.444153 0.355676 0.448729 0.356519 0.454983 0.356660 0.459408 0.356309 0.463755 0.355044 0.468178 0.356519 0.464136 0.358276 0.462229 0.359682 0.459713 0.359892 0.455898 0.359541 0.450636 0.359541 0.445830 0.359049 0.442246 0.358206 0.437976 0.356309 0.435764 0.354481 0.431950 0.349563
1 0.245383 0.279074 0.252269 0.275332 0.254300 0.278870 0.255447 0.280498 0.248384 0.284199 0.246575 0.281149
1 0.255649 0.273581 0.258029 0.272320 0.260241 0.271181 0.261605 0.274517 0.262712 0.276427 0.258293 0.278502 0.256709 0.275532
1 0.234540 0.283873 0.240057 0.278655 0.250098 0.270384 0.259110 0.262659 0.266613 0.256050 0.270660 0.265132 0.259257 0.271334 0.243553 0.279535 0.234945 0.284246
1 0.234779 0.284817 0.238593 0.282718 0.240658 0.286280 0.245319 0.284279 0.243095 0.280328 0.244789 0.279449 0.248074 0.285060 0.256230 0.280669 0.252842 0.275056 0.255066 0.273836 0.257925 0.279302 0.263327 0.276715 0.261633 0.272908 0.261049 0.270908 0.264017 0.269249 0.268729 0.272957 0.273074 0.271249 0.276569 0.279984 0.277522 0.281596 0.276939 0.282230 0.275034 0.280669 0.267618 0.283548 0.270903 0.286719 0.266505 0.290477 0.265287 0.288476 0.261473 0.284915 0.254853 0.289745 0.257554 0.292234 0.259672 0.294332 0.263487 0.291161 0.265817 0.289404 0.266558 0.290477 0.257978 0.297552 0.251252 0.291257 0.244632 0.295454 0.249238 0.300384 0.252946 0.297552 0.256230 0.295844 0.257978 0.297601 0.248550 0.305166 0.241771 0.310779 0.240130 0.308192 0.238169 0.304385 0.236792 0.300480 0.235098 0.293748 0.233508 0.286866 0.234461 0.286036
1 0.153410 0.237562 0.153318 0.238659 0.153135 0.239165 0.154874 0.241694 0.156613 0.244815 0.160092 0.247176 0.165126 0.249959 0.172814 0.251730 0.169061 0.248947 0.175834 0.243128 0.183431 0.236888 0.192859 0.244224 0.198074 0.248947 0.201735 0.251477 0.190113 0.261765 0.188648 0.263030 0.198074 0.270702 0.204206 0.275256 0.212352 0.266572 0.218759 0.271039 0.219034 0.266066 0.227912 0.268174 0.238346 0.276352 0.234044 0.282340 0.244019 0.273485 0.265986 0.255187 0.261958 0.244393 0.260036 0.236213 0.259579 0.231322 0.265894 0.225840 0.256100 0.216566 0.235143 0.196748 0.218118 0.180894 0.216471 0.181063 0.200636 0.195230 0.178580 0.214711
1 0.614421 0.254552 0.630266 0.250120 0.638387 0.248168 0.640947 0.252642 0.640726 0.253901 0.640860 0.255040 0.642007 0.255772 0.641654 0.257237 0.636181 0.255325 0.633576 0.254836 0.628501 0.254999 0.618657 0.257399 0.617024 0.257888
1 0.571571 0.212298 0.582905 0.212251 0.594983 0.213324 0.596147 0.221377 0.598478 0.224987 0.601709 0.230600 0.603880 0.237090 0.589051 0.234211 0.590905 0.241726 0.591699 0.244067 0.603880 0.246703 0.608436 0.247874 0.610924 0.251536 0.614949 0.256415 0.619930 0.262904 0.625913 0.271738 0.627344 0.273642 0.623372 0.283256 0.604674 0.282328 0.603457 0.277643 0.601603 0.283791 0.586350 0.290771 0.579517 0.293893 0.579570 0.299408 0.578510 0.298480 0.578350 0.286036 0.577820 0.281010 0.577026 0.277056 0.576126 0.268127 0.577344 0.261490 0.577186 0.253828 0.576920 0.251339 0.575915 0.248070 0.575172 0.243336 0.574696 0.233771 0.573214 0.223279 0.574325 0.222010 0.574061 0.220547 0.572365 0.218741
1 0.312033 0.195413 0.314559 0.196815 0.312976 0.201051 0.312397 0.202228 0.308806 0.200630 0.310449 0.197853
1 0.346507 0.192197 0.351943 0.194497 0.352205 0.195952 0.352688 0.196478 0.351111 0.198819 0.348699 0.198659 0.347165 0.198374 0.344272 0.197164
1 0.335285 0.187268 0.337959 0.188439 0.335943 0.192155 0.335330 0.193044
1 0.338504 0.188739 0.345824 0.191889 0.343370 0.197543 0.347139 0.198957 0.350645 0.199361 0.341177 0.212446 0.335040 0.221575 0.335040 0.209620 0.335260 0.194111 0.337188 0.191081
1 0.331586 0.247592 0.325011 0.257382 0.331850 0.260484
1 0.316007 0.243832 0.319232 0.245487 0.319840 0.245487 0.322224 0.241889 0.318799 0.239925 0.317303 0.241981
1 0.318455 0.184979 0.320098 0.186242 0.321622 0.188094 0.324208 0.190449 0.327131 0.192189 0.331424 0.194403 0.331454 0.204417 0.331545 0.219421 0.327831 0.217403 0.322656 0.224134 0.325366 0.225425 0.327648 0.226966 0.318608 0.239700 0.310996 0.250359 0.312518 0.247694 0.313706 0.243038 0.305822 0.239419 0.301773 0.246795 0.297633 0.253163 0.285366 0.242308 0.285639 0.240849 0.285243 0.239924 0.286066 0.239476 0.292946 0.239812 0.293951 0.234707 0.296658 0.233024 0.300009 0.234399 0.302352 0.228874 0.306460 0.221020 0.305183 0.219168 0.303753 0.218131 0.304757 0.214681 0.301652 0.212830 0.305396 0.206660 0.308653 0.201359 0.312763 0.203295 0.314589 0.199172 0.315745 0.196676 0.312518 0.194571 0.315168 0.190196
1 0.321541 0.282879 0.324696 0.280065 0.331639 0.286123 0.331639 0.292326 0.325011 0.286268
1 0.277590 0.275415 0.280366 0.272959 0.283144 0.270502 0.287088 0.274003 0.281682 0.278411 0.280915 0.279151
1 0.359866 0.209488 0.364851 0.220480 0.363904 0.221818 0.364157 0.223156 0.365419 0.224144 0.366935 0.224377 0.368387 0.226413 0.373878 0.230135 0.376907 0.232287 0.378991 0.233101 0.379055 0.240312 0.379370 0.245372 0.373059 0.246419 0.374068 0.254677 0.371415 0.255609 0.351028 0.261192 0.343768 0.263228 0.335626 0.259855 0.335500 0.246943 0.345473 0.231763 0.355698 0.216060 0.356709 0.213850
1 0.335198 0.222575 0.337316 0.223718 0.336805 0.224560 0.335270 0.226242
1 0.331503 0.222338 0.331797 0.226811 0.329240 0.225532
1 0.353127 0.196815 0.353827 0.197068 0.354315 0.197125 0.356994 0.203183 0.359551 0.208484 0.355441 0.214373 0.354344 0.216925 0.349962 0.223742 0.341986 0.235746 0.335473 0.245899 0.335260 0.227107 0.337754 0.224189 0.338120 0.223601 0.335349 0.221918 0.338972 0.216701 0.342444 0.211596 0.348440 0.203183
1 0.368646 0.221710 0.381752 0.216954 0.388808 0.214409 0.390211 0.214005 0.395077 0.214207 0.394857 0.224628 0.395602 0.236138 0.395734 0.244054 0.395779 0.251647 0.396086 0.254030 0.396656 0.256009 0.397750 0.258674 0.399681 0.261945 0.398365 0.263238 0.396611 0.263320 0.394112 0.263763 0.392886 0.258594 0.391965 0.254111 0.391571 0.249063 0.388282 0.249063 0.383242 0.249184 0.381094 0.249063 0.380436 0.245872 0.380172 0.238521 0.380304 0.232704 0.376096 0.230363 0.371933 0.227656 0.369302 0.225678 0.367812 0.223940 0.368599 0.223093 0.368689 0.222689
1 0.467435 0.226911 0.500232 0.225219 0.515045 0.224366 0.515577 0.225060 0.516190 0.225493 0.517290 0.225695 0.519347 0.243308 0.522458 0.269892 0.523086 0.274032 0.523352 0.281269 0.511871 0.286521 0.517746 0.296941 0.522520 0.305668 0.521986 0.306435 0.518970 0.306550 0.511856 0.306550 0.501254 0.305972 0.491311 0.305378 0.483221 0.304697 0.480332 0.304828 0.477112 0.305480 0.476075 0.305523 0.475336 0.305001 0.474063 0.293973 0.469619 0.257158 0.466241 0.228258 0.467026 0.227723
1 0.524713 0.296350 0.526977 0.294768 0.529134 0.300659 0.530558 0.303922 0.535417 0.302408 0.537280 0.303418 0.538559 0.307423 0.539508 0.310218 0.543308 0.313918 0.545573 0.316005 0.548495 0.318766 0.547874 0.320314 0.545134 0.319741 0.542175 0.319002 0.540605 0.318429 0.538229 0.317958 0.536550 0.316780 0.535126 0.315399 0.531765 0.312102 0.529353 0.309308 0.527380 0.306648 0.526028 0.306648 0.525626 0.305876 0.524676 0.305201 0.524676 0.301096
1 0.335837 0.338413 0.346897 0.328751 0.352490 0.323832 0.362850 0.333026 0.369078 0.348251 0.376007 0.366346 0.378040 0.366405 0.379947 0.365703 0.380328 0.368982 0.378929 0.373842 0.378740 0.378000 0.378231 0.381865 0.366092 0.377356 0.356303 0.373550 0.349057 0.377062 0.346135 0.378117 0.344862 0.377590 0.342448 0.375599 0.339968 0.372963 0.338380 0.370329 0.336156 0.366346
1 0.519649 0.224311 0.542160 0.223259 0.543006 0.234850 0.543778 0.237900 0.544919 0.240102 0.548044 0.243187 0.549112 0.244473 0.549589 0.250914 0.548376 0.252065 0.547603 0.253183 0.546573 0.255793 0.540026 0.260131 0.536533 0.262400 0.540172 0.271179 0.543338 0.278025 0.551871 0.277719 0.555990 0.283277 0.559042 0.287243 0.560551 0.298221 0.564670 0.313946 0.563199 0.314456 0.563567 0.315878 0.564302 0.317370 0.561543 0.319912 0.560330 0.321300 0.554151 0.315132 0.549149 0.309574 0.543961 0.304220 0.538959 0.299068 0.535981 0.301441 0.535466 0.298019 0.534877 0.295680 0.533370 0.293510 0.532965 0.290428 0.532154 0.286023 0.527888 0.283208 0.524504 0.280769 0.524432 0.274940 0.522812 0.261826 0.520349 0.240543 0.518436 0.225225 0.519061 0.224852
1 0.450030 0.342047 0.452501 0.343024 0.459828 0.341071 0.467948 0.338427 0.471083 0.338062 0.472937 0.337615 0.477835 0.335987 0.482735 0.333385 0.484149 0.333020 0.487327 0.331271 0.492799 0.330253 0.498227 0.329643 0.506260 0.329643 0.505996 0.326309 0.514029 0.326513 0.515089 0.326919 0.520253 0.330904 0.523563 0.334646 0.526963 0.339525 0.529036 0.342453 0.535347 0.336923 0.537731 0.334524 0.541175 0.330051 0.547220 0.330620 0.550796 0.330702 0.552075 0.329847 0.550883 0.329196 0.550355 0.328708 0.545015 0.327123 0.541880 0.325903 0.537024 0.322854 0.534068 0.320859 0.528152 0.313907 0.524489 0.308904 0.523342 0.308700 0.522593 0.308213 0.522107 0.307684 0.509923 0.307643 0.498934 0.306992 0.487899 0.306097 0.482603 0.305895 0.481103 0.305976 0.479117 0.306219 0.476820 0.306586 0.476292 0.307684 0.475585 0.308415 0.474791 0.308619 0.473995 0.308457 0.473114 0.308172 0.472716 0.307643 0.470377 0.308131 0.467816 0.308986 0.466052 0.309676 0.464904 0.310408 0.463799 0.312320 0.463138 0.314313 0.462035 0.317445 0.461418 0.319722 0.460313 0.320696 0.458018 0.322812 0.456473 0.324520 0.454574 0.326229 0.452678 0.328547 0.451573 0.330253 0.450779 0.332328 0.450338 0.333995 0.449896 0.337980 0.449455 0.340218
1 0.278546 0.281853 0.286711 0.275076 0.293442 0.269416 0.298482 0.265113 0.301277 0.267586 0.306720 0.263385 0.317644 0.273450 0.324413 0.279516 0.320624 0.282938 0.324745 0.287072 0.331586 0.293105 0.332137 0.314489 0.332137 0.329773 0.329930 0.331163 0.328936 0.331569 0.325958 0.333942 0.323567 0.335703 0.320551 0.338143 0.319264 0.339398 0.314960 0.340380 0.313120 0.340753 0.311797 0.340684 0.306684 0.331704 0.303042 0.324587 0.301903 0.323842 0.298848 0.322045 0.296017 0.320182 0.293993 0.318488 0.292082 0.315538 0.287963 0.306389 0.285019 0.300730 0.283365 0.297680 0.282518 0.294324 0.281341 0.289039 0.280311 0.285513
1 0.413687 0.355540 0.421369 0.349327 0.424091 0.347462 0.427401 0.344719 0.431373 0.350547 0.433874 0.353969 0.435788 0.356036 0.440385 0.358917 0.444321 0.360002 0.449102 0.360510 0.456973 0.360816 0.462490 0.360883 0.464551 0.359561 0.467493 0.358037 0.470509 0.357154 0.473782 0.356478 0.475622 0.356274 0.477424 0.356240 0.479264 0.356782 0.484119 0.357800 0.478012 0.361561 0.477056 0.362306 0.473453 0.367050 0.465543 0.376505 0.465507 0.376878 0.466462 0.378945 0.467088 0.381759 0.466867 0.383691 0.465470 0.387113 0.463116 0.391383 0.458591 0.398025 0.456054 0.401345 0.454289 0.403244 0.453295 0.404430 0.449176 0.394128 0.446748 0.387858 0.438103 0.379692 0.421848 0.364881 0.413755 0.357325 0.413682 0.356580
1 0.328821 0.226162 0.331452 0.227558 0.331452 0.246591 0.324078 0.257658 0.331769 0.261055 0.331897 0.268317 0.325349 0.278447 0.324651 0.278037 0.318931 0.272767 0.322808 0.266150 0.322046 0.263514 0.323633 0.259943 0.320392 0.260996 0.318931 0.261406 0.316516 0.261114 0.314291 0.260294 0.312192 0.259006 0.309523 0.257658 0.311303 0.254497 0.310413 0.251920 0.315754 0.244599 0.319947 0.246766 0.323316 0.241789 0.319376 0.239447 0.324587 0.232244
1 0.350128 0.262346 0.369777 0.256780 0.378484 0.254497 0.379374 0.255081 0.380392 0.255317 0.386303 0.291975 0.385413 0.293030 0.385096 0.293907 0.385032 0.294785 0.374289 0.303628 0.366028 0.311008 0.364121 0.310422 0.362024 0.308431 0.363484 0.305152 0.363295 0.302165 0.363421 0.299296 0.364438 0.294611 0.365328 0.290979 0.364374 0.284889 0.362659 0.280673 0.360751 0.277394 0.359036 0.275872 0.355794 0.271596 0.352616 0.267029
1 0.438484 0.341263 0.437912 0.342220 0.439566 0.343977 0.442933 0.345968 0.447192 0.346846 0.449606 0.347021 0.451324 0.346495 0.454947 0.347021 0.457869 0.346729 0.462891 0.345323 0.467848 0.343450 0.471726 0.342512 0.472680 0.341810 0.475602 0.339000 0.477318 0.339467 0.478780 0.339292 0.480624 0.338178 0.482403 0.337125 0.483674 0.335544 0.485453 0.335836 0.488250 0.335368 0.490920 0.334489 0.494034 0.333259 0.501471 0.331445 0.505285 0.330449 0.498357 0.330449 0.490666 0.331561 0.487933 0.332147 0.483293 0.334256 0.481513 0.335017 0.479926 0.336013 0.476303 0.337417 0.472552 0.338764 0.470072 0.339174 0.467784 0.339233 0.463082 0.340873 0.452403 0.344152 0.449606 0.342981 0.448972 0.343099 0.447510 0.343040 0.446873 0.342571 0.446811 0.341869 0.443759 0.340463 0.442680 0.340755 0.441281 0.340229
1 0.407854 0.230143 0.428061 0.229139 0.444332 0.228145 0.457869 0.227500 0.459459 0.232830 0.460730 0.238217 0.461492 0.242608 0.453674 0.245887 0.453993 0.252681 0.454310 0.254613 0.450815 0.259533 0.449544 0.261055 0.436641 0.267029 0.430922 0.270190 0.432129 0.274232 0.432573 0.275872 0.428570 0.277862 0.425964 0.279092 0.422848 0.275109 0.420815 0.271947 0.418335 0.268258 0.413570 0.260235 0.406958 0.250398 0.404926 0.247060 0.404926 0.246064 0.405815 0.242903 0.407150 0.239565 0.406452 0.235230 0.406196 0.231657 0.406897 0.231132
1 0.437333 0.342583 0.439576 0.344854 0.442593 0.346548 0.447043 0.347498 0.450132 0.347564 0.451309 0.347158 0.454730 0.347633 0.458261 0.347225 0.462565 0.346074 0.467639 0.344244 0.471356 0.343261 0.472533 0.342820 0.475732 0.339837 0.477754 0.340008 0.479740 0.339635 0.482684 0.337770 0.483861 0.336484 0.486620 0.336484 0.492248 0.334552 0.494049 0.333942 0.499566 0.332585 0.506077 0.330788 0.509755 0.330788 0.512478 0.331196 0.514464 0.332110 0.516818 0.334483 0.518067 0.338007 0.519172 0.341567 0.521599 0.344785 0.524725 0.347937 0.519981 0.351157 0.514794 0.354952 0.514242 0.353936 0.513727 0.353326 0.515198 0.351800 0.515198 0.350547 0.514389 0.350512 0.513985 0.350275 0.513912 0.349971 0.515051 0.349157 0.515898 0.347937 0.515934 0.347158 0.515641 0.346242 0.514425 0.346242 0.513580 0.346344 0.512808 0.346074 0.513580 0.345227 0.513727 0.344073 0.513065 0.343193 0.511558 0.343091 0.510711 0.343024 0.510381 0.342414 0.510381 0.341940 0.510932 0.341228 0.511520 0.340177 0.511447 0.339398 0.510932 0.339161 0.509534 0.339296 0.508725 0.339363 0.508725 0.339092 0.509608 0.338551 0.509902 0.337668 0.509608 0.336719 0.509019 0.336517 0.507916 0.336754 0.507107 0.336788 0.507622 0.335736 0.507254 0.334754 0.506481 0.334415 0.505158 0.334889 0.504825 0.335364 0.504496 0.335568 0.502950 0.335670 0.502620 0.335736 0.502471 0.346074 0.498316 0.340312 0.488423 0.345091 0.486731 0.345803 0.482867 0.345803 0.476284 0.348345 0.471650 0.350106 0.465800 0.352783 0.463595 0.354342 0.459621 0.355562 0.457967 0.356070 0.452118 0.356003 0.447556 0.355766 0.442850 0.354411 0.439097 0.352512 0.437148 0.350716 0.433874 0.347023 0.431630 0.344515 0.432478 0.343295 0.435345 0.342006 0.436303 0.342616
1 0.459004 0.227378 0.462827 0.227148 0.463653 0.227909 0.464734 0.228319 0.467150 0.247821 0.468865 0.261290 0.471218 0.281024 0.474014 0.304858 0.473186 0.305503 0.472616 0.306439 0.468421 0.307376 0.465688 0.308431 0.463716 0.309953 0.462510 0.312471 0.461239 0.316862 0.460475 0.318561 0.457616 0.318619 0.455581 0.318619 0.454438 0.317684 0.453674 0.316746 0.452976 0.313057 0.451769 0.309720 0.450370 0.305913 0.449289 0.303746 0.448272 0.300526 0.447701 0.298651 0.448399 0.290102 0.448655 0.285591 0.448780 0.278623 0.448844 0.273938 0.448780 0.269722 0.449161 0.266442 0.449862 0.263281 0.450688 0.260937 0.455200 0.254556 0.454755 0.250631 0.454564 0.246123 0.462637 0.242785 0.460920 0.234762
1 0.432001 0.270367 0.439755 0.266384 0.445539 0.263573 0.449481 0.261875 0.448018 0.268727 0.448082 0.273997 0.447637 0.284656 0.447256 0.294493 0.446811 0.299763 0.449353 0.306087 0.451069 0.310071 0.452403 0.314462 0.453357 0.317917 0.455136 0.319557 0.459968 0.319265 0.457616 0.321665 0.456790 0.322777 0.454310 0.324826 0.453103 0.326233 0.451894 0.327639 0.447318 0.321079 0.444713 0.316980 0.439057 0.321783 0.437659 0.323950 0.435498 0.327872 0.434734 0.330800 0.431367 0.327052 0.428887 0.322895 0.426218 0.317390 0.424691 0.311592 0.425011 0.306556 0.426726 0.297831 0.428252 0.288227 0.428570 0.284069 0.426471 0.279620 0.433527 0.276397
1 0.427695 0.343348 0.428533 0.343226 0.428931 0.342495 0.429504 0.341843 0.430519 0.341559 0.431535 0.341763 0.431933 0.342210 0.435155 0.341192 0.435243 0.340582 0.435332 0.339973 0.436345 0.339525 0.437229 0.339486 0.437935 0.339810 0.438244 0.340135 0.440539 0.339445 0.440583 0.338915 0.440805 0.338551 0.441113 0.338021 0.435905 0.333548 0.431447 0.328994 0.427563 0.323463 0.425047 0.317972 0.423501 0.312279 0.423900 0.306911 0.425400 0.298127 0.426724 0.290604 0.427209 0.285113 0.427077 0.283650 0.426415 0.281616 0.425532 0.280071 0.420590 0.273605 0.417544 0.269335 0.412910 0.261445 0.407039 0.252581 0.403729 0.247456 0.403553 0.246764 0.403817 0.245423 0.404523 0.243063 0.405670 0.240339 0.405230 0.235581 0.404700 0.231514 0.403948 0.230865 0.403376 0.229847 0.403463 0.229074 0.403948 0.228343 0.404568 0.227896 0.403685 0.224275 0.403199 0.221714 0.402625 0.215899 0.402625 0.207074 0.402537 0.200528 0.402625 0.196380 0.402316 0.194915 0.401875 0.193938 0.400947 0.192475 0.398740 0.191092 0.395739 0.189343 0.394591 0.188529 0.391590 0.189017 0.387618 0.178688 0.386339 0.174785 0.384264 0.169214 0.383470 0.166895 0.383116 0.166244 0.382278 0.165593 0.381880 0.164944 0.381616 0.164048 0.381571 0.163236 0.380909 0.161853 0.379983 0.161528 0.379144 0.160835 0.378746 0.160024 0.378659 0.159535 0.379055 0.159006 0.379498 0.158843 0.380732 0.158884 0.380909 0.158478 0.380379 0.157827 0.379321 0.157460 0.378482 0.157135 0.378261 0.156688 0.378216 0.155713 0.379585 0.155793 0.380379 0.155672 0.380247 0.155142 0.379849 0.154695 0.378923 0.154452 0.377069 0.154330 0.376584 0.152906 0.376892 0.152297 0.378438 0.151767 0.380160 0.151645 0.380160 0.150994 0.379672 0.150343 0.377776 0.150343 0.376671 0.149694 0.376494 0.148880 0.377158 0.148066 0.379055 0.148149 0.379453 0.147741 0.379055 0.146766 0.378172 0.145789 0.378702 0.144895 0.378614 0.143756 0.377776 0.143024 0.377467 0.142577 0.376982 0.141683 0.376362 0.141438 0.375877 0.141804 0.375656 0.142332 0.376143 0.148555 0.376671 0.152051 0.376584 0.152906 0.377378 0.157217 0.378261 0.160714 0.378923 0.163438 0.380954 0.170433 0.382278 0.175842 0.384527 0.183895 0.386028 0.187188 0.387882 0.190157 0.390883 0.193491 0.393312 0.196176 0.395696 0.199998 0.397637 0.203048 0.396931 0.209270 0.397859 0.209961 0.398167 0.210896 0.398035 0.211710 0.397416 0.212524 0.396401 0.212971 0.396005 0.219965 0.396049 0.225862 0.396667 0.235176 0.396843 0.244162 0.396888 0.250506 0.397329 0.254532 0.398344 0.257094 0.400815 0.261324 0.403772 0.265960 0.406862 0.270961 0.409996 0.275842 0.413704 0.281575 0.415292 0.285032 0.416088 0.287431 0.415292 0.293044 0.414366 0.302438 0.414057 0.307115 0.414189 0.310408 0.414896 0.314271 0.415690 0.317647 0.416618 0.321998 0.417280 0.326919 0.417367 0.328870 0.418206 0.331881 0.421782 0.336029 0.425223 0.339933
