1 0.531459 0.245721 0.542471 0.248306 0.549939 0.249948 0.550315 0.249250 0.557029 0.251383 0.563691 0.253434 0.562134 0.256429 0.546178 0.253106 0.529794 0.249578 0.530277 0.248553
0 0.198062 0.804364 0.217371 0.804222 0.217278 0.812658 0.197876 0.812800
0 0.218058 0.804236 0.237830 0.804165 0.237737 0.812460 0.217965 0.812672
0 0.015186 0.777770 0.034332 0.777622 0.034396 0.785844 0.015057 0.785991
0 0.035170 0.777770 0.054638 0.777622 0.054767 0.785745 0.035170 0.785893
0 0.055546 0.777632 0.075014 0.777532 0.075014 0.785755 0.055611 0.785755
0 0.075718 0.777572 0.094863 0.777523 0.094928 0.785745 0.075782 0.785696
0 0.095636 0.777572 0.115040 0.777474 0.115040 0.785696 0.095636 0.785696
0 0.177547 0.777210 0.197227 0.777139 0.197227 0.785363 0.177454 0.785505
0 0.197876 0.777179 0.217151 0.777179 0.217215 0.785499 0.197942 0.785499
0 0.217919 0.777153 0.237580 0.777055 0.237644 0.785376 0.217983 0.785475
0 0.238354 0.777104 0.258724 0.777006 0.258853 0.785475 0.238354 0.785425
0 0.259498 0.777104 0.280256 0.777006 0.280192 0.785327 0.259627 0.785376
0 0.015315 0.805025 0.034268 0.804789 0.034345 0.813709 0.015315 0.813709
0 0.035117 0.804789 0.054767 0.804671 0.054921 0.813474 0.035119 0.813709
0 0.055734 0.804664 0.075150 0.804546 0.075150 0.813349 0.055656 0.813526
0 0.075847 0.804605 0.094876 0.804546 0.094953 0.813290 0.075847 0.813349
0 0.095649 0.804605 0.115143 0.804546 0.115222 0.813172 0.095727 0.813290
0 0.115917 0.804546 0.135875 0.804428 0.135721 0.812995 0.115917 0.813113
0 0.136572 0.804428 0.155911 0.804369 0.156066 0.812995 0.136417 0.812995
0 0.345506 0.804383 0.366679 0.804383 0.367005 0.812714 0.345666 0.812714
0 0.249499 0.819891 0.269903 0.819887 0.269710 0.828120 0.249113 0.828268
0 0.238490 0.804257 0.258924 0.804158 0.258924 0.812380 0.238425 0.812528
0 0.259840 0.804205 0.280133 0.804158 0.280069 0.812233 0.259640 0.812376
0 0.281094 0.804094 0.299853 0.804094 0.299788 0.812317 0.280900 0.812317
0 0.300626 0.804144 0.320223 0.804045 0.320159 0.812317 0.300562 0.812317
0 0.136964 0.777211 0.156236 0.777211 0.156347 0.785548 0.136630 0.785633
0 0.397461 0.805560 0.417806 0.805501 0.417962 0.814718 0.397307 0.814600
0 0.440070 0.805442 0.459255 0.805383 0.459178 0.814481 0.439761 0.814540
0 0.480930 0.805206 0.501120 0.805087 0.500888 0.814481 0.480389 0.814422
0 0.522795 0.805194 0.542676 0.805194 0.542676 0.814292 0.522796 0.814233
1 0.391648 0.264009 0.395881 0.266259 0.404405 0.270726 0.409425 0.273261 0.413986 0.275564 0.417105 0.277171 0.426662 0.272540 0.433673 0.269327 0.440093 0.267636 0.444372 0.265157 0.445332 0.264368 0.413156 0.247685 0.400096 0.240979 0.398251 0.241429 0.392125 0.246558 0.389100 0.247741 0.384007 0.250672 0.382090 0.252589 0.377331 0.256865 0.383824 0.259913
1 0.603843 0.173752 0.648555 0.173634 0.650157 0.185440 0.651812 0.195894 0.625100 0.190093 0.600286 0.184631
1 0.437866 0.459123 0.441347 0.458925 0.443474 0.462076 0.444893 0.464539 0.442572 0.468723 0.440961 0.471825 0.440831 0.472662 0.434578 0.476896 0.430130 0.480342 0.430582 0.480687 0.435997 0.483247 0.442121 0.485708 0.449921 0.488220 0.449857 0.494079 0.450050 0.495703 0.452048 0.497476 0.452048 0.498016 0.454562 0.499691 0.453431 0.501327 0.448497 0.501126 0.445413 0.498703 0.439474 0.494670 0.433967 0.491131 0.429133 0.493523 0.423942 0.487727 0.421427 0.484872 0.419365 0.482508 0.418141 0.480638 0.418527 0.479849 0.420912 0.477290 0.423298 0.475862 0.429356 0.473400 0.435352 0.470446 0.438124 0.468674 0.439607 0.466606 0.440638 0.464735 0.439221 0.462027
1 0.593587 0.205415 0.587979 0.222999 0.601988 0.226040 0.603181 0.222830 0.617275 0.226043 0.636683 0.230439 0.650189 0.233539 0.647310 0.228579 0.643769 0.223451 0.640004 0.219393 0.638824 0.218490 0.636683 0.218152 0.634469 0.217363 0.632920 0.216011 0.632035 0.214996 0.631814 0.213587 0.612553 0.209529
1 0.359791 0.624005 0.360957 0.627760 0.361639 0.629844 0.363139 0.634222 0.366688 0.632971 0.374193 0.630886 0.385521 0.628593 0.393683 0.627671 0.402231 0.628578 0.403940 0.628819 0.409685 0.629096 0.419043 0.626933 0.422022 0.626323 0.424974 0.626323 0.428966 0.626544 0.434508 0.625594 0.437413 0.625232 0.442593 0.624820 0.442278 0.623949 0.438035 0.615717 0.436633 0.613009 0.433134 0.613265 0.431686 0.608139 0.416889 0.609365 0.392800 0.611386 0.378059 0.612634 0.376352 0.613938 0.372879 0.615774 0.368786 0.617122 0.361842 0.619475 0.362640 0.621928
1 0.534940 0.443015 0.528876 0.427231 0.524242 0.414571 0.520521 0.413050 0.533636 0.408768 0.552356 0.402306 0.559125 0.419955 0.566476 0.439867 0.570283 0.449924 0.540332 0.457160 0.538673 0.452802 0.536699 0.447351
1 0.550629 0.343364 0.552783 0.342487 0.554062 0.341814 0.556264 0.344272 0.557147 0.345315 0.554547 0.346493 0.552703 0.347242
1 0.533438 0.319727 0.534218 0.318824 0.536386 0.317572 0.538237 0.316642 0.542626 0.321489 0.547755 0.326537 0.554049 0.332798 0.547354 0.335412 0.542097 0.329123 0.540511 0.326901 0.537072 0.323468
1 0.431736 0.284642 0.435698 0.286729 0.437457 0.287646 0.441762 0.289743 0.447240 0.292507 0.455094 0.296766 0.459033 0.298783 0.472284 0.283158 0.468255 0.281106 0.467629 0.280251 0.470359 0.277380 0.460735 0.272388 0.450259 0.266951 0.446364 0.264764 0.440814 0.268012 0.433338 0.270131 0.420624 0.276149 0.417806 0.277531 0.424871 0.281125
1 0.597898 0.339356 0.606942 0.355900 0.602842 0.357790 0.606711 0.367361 0.617639 0.364087 0.617080 0.362189 0.616396 0.360623 0.619130 0.359958 0.622168 0.359268 0.623169 0.361762 0.623670 0.362764 0.626087 0.362185 0.623883 0.354245 0.622104 0.346683 0.617308 0.339298
1 0.565712 0.332186 0.569293 0.335606 0.573681 0.335606 0.574800 0.334238 0.576412 0.333314 0.579680 0.331844 0.584559 0.330375 0.587245 0.329553 0.592170 0.327365 0.597273 0.324460 0.598483 0.323844 0.603094 0.322613 0.613076 0.318955 0.618671 0.317040 0.626014 0.315160 0.631475 0.313963 0.632504 0.311945 0.637205 0.307125 0.644233 0.301108 0.645755 0.299501 0.648307 0.296150 0.640026 0.294201 0.634072 0.300937 0.623999 0.307706 0.610390 0.313587 0.605107 0.315912 0.601705 0.317860 0.599288 0.319228 0.596289 0.321280 0.593736 0.321322 0.585499 0.324049 0.570852 0.329918
1 0.655063 0.218809 0.662677 0.220386 0.662722 0.231873 0.662722 0.253173 0.662633 0.261720 0.657753 0.269380 0.662767 0.270371 0.662767 0.277824 0.656947 0.281209 0.653008 0.287944 0.648128 0.295398 0.640275 0.293468 0.642981 0.290372 0.646875 0.284867 0.650322 0.279944 0.652022 0.275226 0.653634 0.269892 0.656051 0.261619 0.657888 0.255430 0.658558 0.248660 0.657843 0.243839 0.656633 0.238780 0.655738 0.235668 0.657394 0.235873 0.656186 0.227565 0.655246 0.220830
1 0.512551 0.173591 0.548670 0.194025 0.551947 0.190493 0.560059 0.181015 0.564625 0.175681 0.561025 0.173713
1 0.463242 0.173493 0.510802 0.173638 0.526738 0.182497 0.541660 0.190945 0.548391 0.194784 0.533696 0.211912 0.509103 0.198447 0.477859 0.181373
1 0.619465 0.269361 0.633166 0.272277 0.645953 0.275041 0.644783 0.277727 0.641503 0.284301 0.640478 0.286180 0.638531 0.286924 0.636994 0.287668 0.635661 0.289116 0.634943 0.291034 0.634482 0.292286 0.596866 0.283871 0.571346 0.278039 0.576845 0.260142 0.588616 0.262698 0.607294 0.266729
1 0.566834 0.177302 0.571037 0.179624 0.579881 0.184458 0.585269 0.187373 0.591819 0.191163 0.596353 0.193577 0.592892 0.204500 0.568062 0.199129 0.551246 0.195445 0.561652 0.183377
1 0.502117 0.104784 0.504349 0.105652 0.507624 0.107825 0.508970 0.109274 0.509522 0.114135 0.509811 0.119443 0.505114 0.133371 0.502514 0.140453 0.488191 0.151859 0.484703 0.154594 0.473563 0.148447 0.468055 0.145245 0.469554 0.136713 0.473471 0.128486 0.474451 0.126640 0.482683 0.118670 0.487151 0.114299 0.493394 0.111985 0.496210 0.111471 0.497800 0.109134 0.498872 0.108806 0.500402 0.106843
1 0.613065 0.140705 0.624170 0.143061 0.635276 0.145517 0.640519 0.146594 0.643340 0.147200 0.644133 0.147335 0.645192 0.147268 0.647439 0.162178 0.648412 0.168826 0.607008 0.159738 0.609143 0.152485
1 0.485410 0.155023 0.503434 0.164890 0.512330 0.169676 0.558480 0.169595 0.561153 0.169643 0.559288 0.168789 0.556055 0.167221 0.550276 0.164232 0.537722 0.158108 0.523613 0.150940 0.512177 0.145244 0.503164 0.140877 0.497883 0.145243
1 0.572125 0.449917 0.584642 0.446963 0.600436 0.443066 0.605325 0.456810 0.610326 0.470989 0.606279 0.471819 0.601502 0.472671 0.595809 0.473621 0.590732 0.474571 0.580864 0.476472 0.571642 0.451108
1 0.424685 0.202512 0.432094 0.206368 0.421669 0.221087 0.418048 0.226191 0.415449 0.225766 0.409322 0.222860 0.404774 0.222151 0.401618 0.220094 0.399389 0.214919 0.401061 0.201165 0.403288 0.195990 0.405406 0.192212 0.415961 0.197815
1 0.581017 0.476852 0.586077 0.475895 0.591473 0.474852 0.596825 0.473979 0.603116 0.472835 0.607437 0.472047 0.610415 0.471517 0.612587 0.477981 0.615087 0.485175 0.596047 0.490141 0.586955 0.492872
1 0.494411 0.100974 0.495508 0.099783 0.502441 0.101768 0.509434 0.103711 0.525093 0.108830 0.530698 0.110992 0.537747 0.113066 0.547338 0.115052 0.556699 0.117082 0.567679 0.119377 0.573341 0.120481 0.578541 0.121628 0.586573 0.123172 0.597148 0.127541 0.602290 0.129395 0.596553 0.136111 0.594451 0.135554 0.591118 0.134571 0.582695 0.132321 0.571038 0.129088 0.558453 0.125833 0.542348 0.121442 0.516490 0.114670 0.512958 0.110727 0.510416 0.107771 0.507295 0.105344 0.504580 0.103799 0.499206 0.101945
1 0.510083 0.110260 0.518174 0.119948 0.524715 0.127919 0.530958 0.136157 0.538749 0.146226 0.542144 0.150688 0.544192 0.153321 0.547537 0.158012 0.549984 0.160605 0.552381 0.163198 0.554728 0.165448 0.557426 0.167470 0.550934 0.164038 0.541294 0.159347 0.531257 0.154198 0.517224 0.147218 0.508435 0.142984 0.503591 0.140506 0.507037 0.130284 0.509983 0.122847 0.510832 0.120482 0.510732 0.116859 0.510333 0.113502
0 0.563889 0.805088 0.583411 0.804985 0.583411 0.814279 0.563823 0.814227
1 0.516862 0.115259 0.539987 0.121354 0.556329 0.125787 0.567007 0.128694 0.580192 0.132133 0.590870 0.135005 0.595930 0.136424 0.593933 0.137842 0.592308 0.139508 0.586969 0.145465 0.581492 0.151776 0.580192 0.153514 0.569467 0.148620 0.557490 0.142983 0.542866 0.136211 0.528706 0.129616 0.520438 0.119508
1 0.529105 0.130377 0.542290 0.136440 0.557052 0.143354 0.570562 0.149701 0.579615 0.153920 0.568751 0.166543 0.566523 0.169344 0.564295 0.169378 0.562253 0.168067 0.559235 0.166330 0.555614 0.163174 0.552178 0.159735 0.548929 0.156012 0.545029 0.150765 0.540014 0.144346 0.534444 0.137149
1 0.606678 0.160225 0.621136 0.163324 0.635767 0.166521 0.648412 0.169257 0.648327 0.169388 0.624243 0.169488 0.603914 0.169422
1 0.494245 0.101326 0.498252 0.102010 0.500312 0.102677 0.504229 0.104181 0.506826 0.105515 0.509916 0.107926 0.513744 0.112252 0.519095 0.118630 0.524715 0.125247 0.530356 0.132582 0.535641 0.139387 0.540275 0.145304 0.545110 0.151613 0.548670 0.156383 0.550618 0.158658 0.553953 0.162198 0.556237 0.164198 0.559439 0.166985 0.560984 0.168027 0.563849 0.169601 0.562215 0.169601 0.560469 0.168866 0.558656 0.167908 0.556126 0.166027 0.553618 0.163822 0.549901 0.159906 0.547953 0.157768 0.545737 0.154828 0.543252 0.151408 0.540857 0.148245 0.538774 0.145508 0.534700 0.140328 0.531745 0.136498 0.528074 0.131677 0.525006 0.127676 0.522341 0.124323 0.519185 0.120511 0.516073 0.116868 0.512893 0.112851 0.510342 0.109842 0.508237 0.107687 0.506469 0.106370 0.504386 0.105293 0.501207 0.104011 0.497513 0.102762 0.493640 0.102113
1 0.570051 0.173763 0.602684 0.173986 0.599604 0.183470 0.597293 0.191851 0.587378 0.186338 0.577943 0.180824 0.568121 0.175674
1 0.600056 0.185338 0.619411 0.189574 0.634548 0.192795 0.652228 0.196635 0.655060 0.214241 0.655811 0.218036 0.643272 0.215300 0.642175 0.213887 0.640615 0.212388 0.638882 0.211770 0.636975 0.211726 0.635300 0.212211 0.629464 0.209122 0.615598 0.201532 0.601615 0.194296 0.597975 0.192265
1 0.597346 0.193983 0.615950 0.203910 0.630106 0.211501 0.632531 0.212825 0.632474 0.213089 0.610287 0.208235 0.594052 0.204793
1 0.604053 0.223723 0.618676 0.227020 0.636502 0.231062 0.648062 0.233756 0.650290 0.234323 0.651033 0.236096 0.651543 0.237124 0.635807 0.233614 0.624804 0.231239 0.616588 0.229431 0.608880 0.227658 0.602799 0.226381
1 0.561803 0.173808 0.564820 0.175404 0.565841 0.174446 0.564495 0.173737
1 0.598570 0.194371 0.608039 0.199229 0.617649 0.204405 0.628790 0.210468 0.633618 0.213056 0.634129 0.213410 0.637936 0.214261 0.642624 0.215289 0.642253 0.214687 0.640860 0.213304 0.639654 0.212595 0.638400 0.212134 0.637193 0.212134 0.636078 0.212417 0.635197 0.212630 0.629023 0.209333 0.617324 0.202951 0.604997 0.196419 0.597835 0.192602 0.597463 0.193741
1 0.567650 0.175930 0.574409 0.179504 0.584346 0.185152 0.589778 0.188240 0.595036 0.191197 0.596999 0.192257 0.596711 0.193094 0.590240 0.189741 0.583249 0.185770 0.577182 0.182461 0.571695 0.179460 0.566899 0.176901
1 0.582327 0.241837 0.598105 0.245323 0.620612 0.250284 0.639406 0.254478 0.652012 0.257278 0.651224 0.260185 0.650435 0.262878 0.648996 0.267344 0.647604 0.271072 0.646723 0.273304 0.646120 0.274651 0.634927 0.272240 0.609721 0.266848 0.589109 0.262311 0.576951 0.259795 0.580153 0.248908
1 0.616842 0.360776 0.619089 0.360204 0.621756 0.359655 0.622716 0.361761 0.623315 0.362881 0.620618 0.363477 0.618249 0.363980 0.617531 0.362309
1 0.474185 0.180066 0.487310 0.187043 0.502288 0.195318 0.517916 0.203822 0.528701 0.209732 0.533295 0.212211 0.520413 0.227350 0.507630 0.220638 0.490854 0.211448 0.473829 0.202144 0.463294 0.196386 0.469085 0.187882
1 0.632537 0.213829 0.642280 0.215774 0.645901 0.220382 0.649057 0.224602 0.651703 0.228856 0.653375 0.231267 0.655000 0.234635 0.650729 0.233713 0.648175 0.228998 0.645205 0.224637 0.642745 0.221623 0.640006 0.218894 0.639030 0.218185 0.637313 0.217901 0.635363 0.217263 0.634063 0.216696 0.632949 0.215384 0.632579 0.214710
1 0.587843 0.223692 0.603733 0.227089 0.619981 0.230552 0.632820 0.233463 0.645539 0.236251 0.651516 0.237599 0.652720 0.241951 0.653202 0.244218 0.653362 0.246393 0.653362 0.248324 0.653162 0.250806 0.652680 0.253839 0.652238 0.255647 0.652118 0.256873 0.644455 0.255248 0.629811 0.251940 0.610674 0.247649 0.597715 0.244892 0.584235 0.241890 0.582550 0.241491 0.585438 0.232054 0.587042 0.226415
1 0.635122 0.292342 0.639767 0.293445 0.641668 0.291208 0.644314 0.287771 0.647237 0.283588 0.649605 0.280146 0.651605 0.274935 0.654135 0.266292 0.655775 0.260132 0.656809 0.257657 0.657416 0.255847 0.658064 0.250376 0.657763 0.246025 0.656769 0.241574 0.655729 0.237090 0.655169 0.235344 0.650985 0.234487 0.651934 0.236861 0.653188 0.241079 0.653701 0.244045 0.653962 0.246847 0.653834 0.249913 0.653314 0.253703 0.652713 0.256836 0.651500 0.262108 0.649132 0.268665 0.646758 0.274829 0.644770 0.279445 0.642396 0.283892 0.641061 0.286169 0.640413 0.286760 0.639201 0.287158 0.638166 0.287586 0.637172 0.288045 0.636357 0.289038 0.635705 0.290453
1 0.547204 0.339650 0.553463 0.339588 0.556472 0.339558 0.556954 0.340017 0.553663 0.341611 0.551136 0.342653 0.549851 0.343297 0.548408 0.341335
1 0.489381 0.357577 0.493247 0.355015 0.496004 0.353618 0.499391 0.352107 0.501848 0.351215 0.506223 0.350345 0.510868 0.349545 0.510658 0.346660 0.512127 0.346409 0.513566 0.349384 0.518241 0.348880 0.523245 0.348080 0.526992 0.347370 0.527622 0.348789 0.521776 0.350139 0.515094 0.351055 0.509251 0.352130 0.504515 0.352886 0.499180 0.354305 0.494385 0.356022 0.492437 0.356937 0.490250 0.358653
1 0.528189 0.347186 0.535529 0.345700 0.540173 0.344670 0.542620 0.342534 0.544268 0.341466 0.545965 0.342191 0.546615 0.343373 0.546465 0.344478 0.543719 0.344517 0.539375 0.345813 0.532334 0.347492 0.528588 0.348369
1 0.548325 0.335447 0.551967 0.334044 0.554359 0.333090 0.555993 0.334648 0.556851 0.335500 0.551585 0.335474
1 0.554993 0.332778 0.557245 0.331946 0.560561 0.330780 0.562633 0.330009 0.564887 0.332244 0.563229 0.332916 0.563125 0.333648 0.562710 0.334519 0.561106 0.334083 0.558956 0.335151 0.558385 0.335388 0.557634 0.335429
1 0.563358 0.329712 0.565146 0.329236 0.569445 0.328129 0.573693 0.326824 0.577889 0.325458 0.581540 0.324034 0.587368 0.321443 0.589830 0.320236 0.592057 0.319009 0.595864 0.316497 0.598221 0.315884 0.601589 0.315133 0.602702 0.314836 0.605318 0.313570 0.608194 0.312086 0.610136 0.311315 0.613011 0.310306 0.616015 0.309138 0.620289 0.307220 0.622697 0.305934 0.624847 0.304510 0.626816 0.303501 0.629095 0.301938 0.632540 0.299466 0.634198 0.298476 0.637021 0.295074 0.638135 0.293709 0.639429 0.294085 0.635571 0.298734 0.633550 0.300890 0.629458 0.303600 0.623630 0.307596 0.617130 0.310523 0.606017 0.315251 0.604359 0.316023 0.600164 0.318277 0.598195 0.319563 0.596148 0.320829 0.593558 0.321007 0.588172 0.322768 0.581221 0.325440 0.575973 0.327536 0.571466 0.329336 0.565508 0.331927
1 0.412700 0.180699 0.421796 0.179421 0.430303 0.177704 0.444544 0.175495 0.452786 0.174507 0.454082 0.173649 0.455289 0.173584 0.448644 0.182746 0.440272 0.194611 0.432418 0.205883 0.425255 0.202257 0.414854 0.196786 0.405662 0.191776 0.408381 0.187229 0.411964 0.181460
1 0.446053 0.187844 0.462779 0.196881 0.475061 0.203516 0.496831 0.215376 0.512160 0.223575 0.519949 0.227808 0.513308 0.235511 0.505569 0.244853 0.493385 0.238256 0.474612 0.228341 0.465076 0.223499 0.452314 0.216558 0.448558 0.214354 0.450061 0.209324 0.446247 0.207868 0.437759 0.205442 0.434409 0.204470 0.441399 0.194674
1 0.435147 0.229824 0.441938 0.231961 0.445684 0.229100 0.449378 0.226393 0.451226 0.225020 0.452873 0.220253 0.453621 0.217737 0.453072 0.217431 0.448029 0.216173 0.448430 0.214914 0.454170 0.217927 0.461111 0.221740 0.475441 0.229329 0.483879 0.233867 0.491219 0.237718 0.495612 0.239968 0.489122 0.242066 0.482582 0.244277 0.474093 0.248434 0.471846 0.249577 0.458515 0.242523 0.446682 0.236002
1 0.376682 0.257050 0.384542 0.260975 0.391596 0.264675 0.400689 0.269348 0.408550 0.273372 0.414498 0.276293 0.416665 0.277493 0.413776 0.278856 0.410759 0.280771 0.408677 0.283009 0.406722 0.285346 0.404512 0.288332 0.401666 0.291479 0.400562 0.292907 0.394996 0.296217 0.390874 0.298034 0.387602 0.291803 0.384755 0.286060 0.381696 0.281906 0.379529 0.279181 0.374431 0.277039 0.371031 0.275060 0.366952 0.273696 0.362703 0.272269 0.359219 0.271003 0.362703 0.267920 0.369630 0.262826 0.374431 0.258963
1 0.417634 0.277977 0.424667 0.281601 0.429651 0.284156 0.436104 0.287389 0.442523 0.290779 0.449760 0.294638 0.454847 0.297219 0.448428 0.304234 0.441465 0.312447 0.438289 0.316097 0.432793 0.313150 0.423234 0.308275 0.412992 0.303008 0.405935 0.299433 0.397966 0.295378 0.401193 0.293259 0.405136 0.289038 0.408003 0.285257 0.410189 0.282624 0.412237 0.280720 0.414934 0.279077
1 0.397305 0.295673 0.410559 0.302276 0.427054 0.310791 0.435092 0.314818 0.438101 0.316330 0.433112 0.321908 0.427822 0.327960 0.425808 0.330357 0.419904 0.327621 0.408909 0.322403 0.401400 0.318780 0.395798 0.315860 0.392624 0.314375 0.389279 0.311872 0.385935 0.309105 0.383813 0.307464 0.381595 0.304492 0.384057 0.302563 0.388085 0.299853 0.390167 0.298367 0.391635 0.298706 0.393375 0.297741
1 0.337700 0.373009 0.341177 0.371566 0.344060 0.370178 0.347298 0.368610 0.347852 0.368488 0.347733 0.370329 0.347892 0.372411 0.347813 0.373527 0.346509 0.374914 0.345087 0.376363 0.344258 0.377207 0.344099 0.378535 0.343467 0.380857 0.342756 0.383181 0.342007 0.384719 0.341097 0.385744 0.339635 0.386801 0.338372 0.387736 0.337660 0.387826 0.337743 0.378351
1 0.337649 0.387993 0.338287 0.387940 0.342130 0.390347 0.348149 0.393860 0.353716 0.397161 0.357949 0.399768 0.355114 0.401957 0.351769 0.402662 0.349005 0.403575 0.345591 0.405087 0.342620 0.407172 0.341153 0.408945 0.339002 0.412154 0.337739 0.411371 0.337670 0.398804
1 0.337662 0.412861 0.338401 0.413363 0.337716 0.414180
1 0.349009 0.368454 0.358368 0.374431 0.367517 0.380530 0.375872 0.385659 0.381001 0.388808 0.374708 0.391111 0.369897 0.393131 0.365666 0.395028 0.362177 0.397209 0.358580 0.399593 0.351389 0.395230 0.344461 0.391111 0.338909 0.387759 0.341236 0.386305 0.342557 0.384891 0.343404 0.382791 0.344249 0.379924 0.345043 0.377097 0.347317 0.374674 0.348480 0.373261 0.348743 0.370215 0.348590 0.368813
1 0.429605 0.493981 0.431991 0.492672 0.433949 0.491691 0.440435 0.495990 0.444534 0.498793 0.447777 0.501084 0.433215 0.501223 0.431319 0.496224 0.430339 0.494588
1 0.556479 0.410837 0.561353 0.413337 0.564778 0.411185 0.567215 0.409906 0.575134 0.407812 0.579856 0.406649 0.587616 0.404607 0.591164 0.415309 0.596128 0.430335 0.599517 0.439903 0.600629 0.442165 0.582064 0.446689 0.571023 0.449469 0.565282 0.433616 0.559936 0.419536
1 0.589169 0.397641 0.602529 0.394524 0.610295 0.392463 0.616776 0.390901 0.618797 0.397529 0.622134 0.409156 0.625149 0.419349 0.627340 0.427340 0.621535 0.429713 0.624734 0.432784 0.625602 0.432473 0.628761 0.431668 0.629715 0.435056 0.610295 0.439801 0.601001 0.442052 0.598889 0.436776 0.595764 0.427346 0.592144 0.416579 0.589399 0.408532 0.588056 0.404511 0.592526 0.403381
1 0.648806 0.383019 0.655935 0.381274 0.663431 0.379319 0.663385 0.398063 0.663385 0.407836 0.663431 0.416038 0.663567 0.426685 0.659774 0.427591 0.657353 0.417679 0.655159 0.408849 0.652507 0.397958 0.650405 0.389547
1 0.617305 0.390803 0.632838 0.386972 0.644096 0.384193 0.648274 0.383180 0.650928 0.393881 0.653829 0.405858 0.657713 0.421589 0.659286 0.427708 0.630330 0.434993 0.629298 0.431689 0.634461 0.430187 0.632444 0.426995 0.627873 0.427295 0.624529 0.415281 0.621236 0.404281
1 0.493013 0.421942 0.502396 0.419553 0.513009 0.416875 0.520021 0.415210 0.522582 0.414631 0.523528 0.415138 0.529404 0.430627 0.536985 0.450025 0.539640 0.457263 0.507986 0.465297 0.500974 0.444886 0.496045 0.430844
1 0.459740 0.430158 0.471691 0.427370 0.484957 0.424040 0.492397 0.422260 0.495325 0.430461 0.498614 0.439920 0.502177 0.450075 0.505428 0.459745 0.507437 0.465362 0.503873 0.466099 0.501078 0.463552 0.498244 0.461215 0.497381 0.460267 0.494870 0.456147 0.492170 0.458175 0.488833 0.460650 0.487100 0.461808 0.485867 0.464211 0.482294 0.465542 0.480882 0.466099 0.479831 0.467352 0.477869 0.467772 0.475575 0.468713 0.473756 0.470283 0.473661 0.471159 0.472561 0.471021 0.473254 0.469031 0.470922 0.460093 0.468126 0.449830 0.465293 0.439081 0.464478 0.437619 0.461180 0.432379
1 0.356951 0.349951 0.363959 0.354320 0.371110 0.358656 0.363511 0.363539 0.365521 0.365353 0.357845 0.367028 0.354099 0.367936 0.347976 0.367656 0.349804 0.361933 0.350718 0.354327 0.352717 0.348575 0.353504 0.347788
1 0.373012 0.331535 0.366033 0.327624 0.361513 0.325199 0.358453 0.323550 0.362074 0.321748 0.366961 0.318936 0.372164 0.314235 0.373624 0.311570 0.386126 0.317774 0.402497 0.326158 0.411064 0.330520 0.403957 0.335027 0.379233 0.334997
1 0.669022 0.428017 0.680511 0.425164 0.691324 0.422547 0.690183 0.424757 0.687059 0.429410 0.687059 0.436564 0.683328 0.456163 0.682111 0.463258 0.673581 0.464131 0.671224 0.455991 0.668707 0.445986
1 0.629261 0.436105 0.637523 0.434058 0.659498 0.428541 0.663604 0.446220 0.663816 0.455467 0.663890 0.464153 0.640828 0.467126 0.638661 0.467406 0.635981 0.458319 0.632346 0.446343
1 0.265890 0.403506 0.270973 0.402424 0.274095 0.399865 0.279045 0.398236 0.282700 0.396259 0.284299 0.393816 0.285060 0.392770 0.286507 0.392421 0.291077 0.392246 0.297853 0.389861 0.301738 0.389745 0.307449 0.384744 0.312474 0.381603 0.321309 0.379335 0.324735 0.376718 0.331050 0.372649 0.331101 0.376813 0.331107 0.387679 0.330043 0.388445 0.328192 0.389858 0.327187 0.390706 0.325124 0.393453 0.323274 0.396037 0.321741 0.397612 0.320578 0.398097 0.318965 0.398416 0.315675 0.399050 0.313161 0.400097 0.309734 0.403064 0.308743 0.403529 0.305698 0.403936 0.295493 0.408647 0.286127 0.413416 0.277826 0.409461
1 0.313800 0.400440 0.314866 0.399837 0.316802 0.399324 0.319804 0.398812 0.321739 0.398147 0.323557 0.396368 0.324741 0.394920 0.326045 0.392990 0.327664 0.390786 0.329877 0.389098 0.331140 0.388223 0.331220 0.402522 0.331101 0.410638 0.328297 0.408888 0.324622 0.406776 0.319725 0.403971 0.316407 0.402099
1 0.358152 0.323867 0.364993 0.327660 0.371407 0.331197 0.378334 0.335190 0.362018 0.335254 0.344937 0.335283 0.345277 0.334184 0.348761 0.329507 0.351353 0.328371 0.353222 0.326427 0.356027 0.325097
1 0.378706 0.339855 0.389680 0.339795 0.402776 0.339795 0.391024 0.346883
1 0.345505 0.339903 0.377849 0.339865 0.382514 0.342531 0.390529 0.347073 0.383498 0.351127 0.371755 0.358410 0.361575 0.352181 0.353461 0.347262 0.352237 0.348240 0.349086 0.344331
1 0.668713 0.447992 0.671199 0.458008 0.672996 0.464187 0.668924 0.464712
1 0.660020 0.428369 0.663707 0.427430 0.663854 0.435803 0.663806 0.444965 0.661741 0.435841
1 0.406446 0.472985 0.410486 0.475668 0.415741 0.478636 0.417762 0.477116 0.419160 0.477782 0.417481 0.479586 0.417015 0.480416 0.417077 0.481105 0.418756 0.483337 0.422363 0.487231 0.426124 0.491552 0.429793 0.495469 0.424289 0.498390 0.422175 0.499363 0.419005 0.500075 0.416735 0.500384 0.415709 0.500575 0.414684 0.500218 0.413161 0.498390 0.410642 0.495707 0.408684 0.496610 0.407875 0.495374 0.406507 0.494306 0.406010 0.493476 0.405451 0.491196 0.404767 0.490009 0.403491 0.489439 0.403864 0.488750 0.402870 0.488370 0.402932 0.487824 0.403554 0.487278 0.403864 0.486519 0.403616 0.486115 0.402963 0.486068 0.402404 0.485640 0.402932 0.484571 0.402466 0.484191 0.401751 0.483859 0.401596 0.483242 0.402217 0.482387 0.402124 0.481152 0.401875 0.480345 0.402310 0.479847 0.402434 0.478636 0.403088 0.478019 0.403337 0.477140 0.403523 0.476902 0.404549 0.476143 0.404642 0.475621 0.405543 0.475146 0.406322 0.474624 0.406414 0.473958 0.405978 0.473365
1 0.394681 0.444603 0.397404 0.445344 0.401434 0.447480 0.399382 0.442095 0.398598 0.439332 0.394980 0.435058 0.392032 0.431838 0.390578 0.429075 0.389086 0.424573 0.388116 0.421211 0.388265 0.418134 0.389981 0.413290 0.391250 0.410213 0.392705 0.408560 0.395689 0.406054 0.399568 0.403205 0.401844 0.401694 0.398076 0.399244 0.394906 0.401666 0.393227 0.402920 0.391735 0.404316 0.389682 0.407478 0.392294 0.408020 0.390988 0.410014 0.389198 0.409786 0.388041 0.411866 0.387145 0.414714 0.386772 0.416482 0.386959 0.420698 0.387667 0.424145 0.388154 0.425998 0.388676 0.427564 0.388750 0.430869 0.391100 0.434090 0.390840 0.435856 0.392443 0.438449
1 0.420459 0.460387 0.425907 0.459731 0.432770 0.458849 0.436015 0.458507 0.433853 0.454718 0.431427 0.450330 0.430159 0.447565 0.428071 0.446739 0.427062 0.446113 0.424824 0.443634 0.422885 0.441668 0.420124 0.440215 0.419415 0.438049 0.416692 0.437023 0.415423 0.435514 0.413558 0.432892 0.411580 0.429274 0.410051 0.427507 0.405724 0.425029 0.403673 0.423291 0.403075 0.421924 0.403747 0.416083 0.404418 0.411724 0.407440 0.408218 0.408597 0.407136 0.404940 0.404259 0.403337 0.402920 0.402889 0.403262 0.399382 0.407933 0.396622 0.411922 0.395203 0.415086 0.394607 0.418418 0.394943 0.421752 0.396098 0.425541 0.396882 0.427736 0.398934 0.430072 0.402217 0.432180 0.406283 0.435058 0.409119 0.438961 0.411543 0.442181 0.412513 0.445058 0.417736 0.449531 0.421915 0.453749 0.424302 0.456312
1 0.389914 0.465561 0.389288 0.466211 0.391301 0.467373 0.394212 0.469390 0.395912 0.471270 0.398016 0.473732 0.399853 0.476159 0.401015 0.477527 0.403836 0.474588 0.405761 0.472536 0.407820 0.471134 0.411088 0.470553 0.411715 0.470211 0.413192 0.470177 0.413686 0.469630 0.415207 0.469357 0.415565 0.468535 0.417311 0.468159 0.418116 0.467134 0.418833 0.466689 0.420087 0.465219 0.421519 0.464911 0.422280 0.463407 0.423444 0.462484 0.423444 0.460774 0.420848 0.460946 0.407150 0.463100
1 0.394850 0.445396 0.396871 0.445918 0.398797 0.446939 0.397243 0.447889 0.396776 0.448530 0.396683 0.450025 0.393979 0.451283 0.392829 0.451807 0.394103 0.449195 0.395253 0.446796
1 0.464272 0.500913 0.471836 0.493425 0.480611 0.485050 0.484551 0.481596 0.481506 0.479819 0.490057 0.477254 0.499502 0.474246 0.503218 0.467270 0.512351 0.464809 0.520945 0.462758 0.520991 0.466347 0.528557 0.467236 0.533212 0.467851 0.536390 0.469390 0.537689 0.470792 0.539211 0.474074 0.539837 0.475920 0.544090 0.476673 0.544538 0.482040 0.536928 0.481835 0.535495 0.480570 0.529183 0.476023 0.526273 0.469732 0.517051 0.472331 0.516424 0.476604 0.509128 0.482554 0.510695 0.489358 0.503084 0.492332 0.501204 0.494623 0.498428 0.496913 0.497354 0.497768 0.493773 0.498247 0.489788 0.499682 0.486610 0.498417 0.484238 0.498110 0.481640 0.498486 0.477477 0.499854 0.474837 0.500948
1 0.400971 0.404620 0.395438 0.408519 0.393558 0.410570 0.392054 0.414140 0.390818 0.417175 0.390173 0.419268 0.390280 0.420622 0.391087 0.423329 0.392699 0.428048 0.393666 0.430756 0.396352 0.433504 0.399359 0.436705 0.400757 0.432274 0.397264 0.429771 0.395330 0.427392 0.394202 0.422878 0.393666 0.419104 0.393987 0.416560 0.394740 0.413524 0.395438 0.412005 0.397963 0.408395
1 0.410820 0.471408 0.412879 0.472980 0.416460 0.475305 0.419684 0.477151 0.423713 0.474895 0.427519 0.473220 0.432935 0.470792 0.437098 0.468535 0.439336 0.465014 0.437590 0.461116 0.436695 0.459099 0.426859 0.460229 0.424070 0.460557 0.424128 0.462425 0.422818 0.463784 0.421878 0.465219 0.420400 0.465630 0.419102 0.467203 0.418341 0.467647 0.417982 0.468399 0.415968 0.468843 0.415699 0.469699 0.414088 0.469938 0.413551 0.470655 0.411805 0.470689
1 0.410835 0.501216 0.412663 0.501301 0.412178 0.500788 0.409193 0.498537 0.408074 0.497027 0.407514 0.495688 0.406171 0.494862 0.405388 0.493579 0.405090 0.492127 0.404344 0.490559 0.402516 0.489733 0.402963 0.488907 0.402105 0.488536 0.401957 0.488309 0.403038 0.486912 0.403001 0.486428 0.401957 0.486315 0.401472 0.485716 0.401994 0.484634 0.401024 0.484206 0.400837 0.483522 0.401173 0.482611 0.401434 0.482184 0.401322 0.481357 0.401173 0.480559 0.401210 0.480103 0.401434 0.479819 0.401509 0.479020 0.399642 0.479761 0.399195 0.480161 0.400874 0.488565 0.401434 0.489819 0.403485 0.493381 0.407141 0.497312 0.410163 0.500560
1 0.401367 0.432810 0.404538 0.434641 0.408407 0.439723 0.410804 0.442913 0.411578 0.445808 0.415368 0.449352 0.419391 0.452779 0.423104 0.456205 0.420428 0.459231 0.418934 0.460678 0.409451 0.462084 0.400067 0.463460 0.390676 0.464838 0.392261 0.463313 0.393972 0.462055 0.396300 0.461157 0.403764 0.458900 0.407988 0.457405 0.410448 0.455692 0.411284 0.453819 0.411098 0.451586 0.409172 0.448950 0.403889 0.442517 0.399881 0.437223
1 0.399830 0.440727 0.403634 0.445457 0.406171 0.448534 0.408074 0.451127 0.409082 0.452665 0.408894 0.453577 0.408372 0.454433 0.406769 0.455714 0.404828 0.457025 0.402926 0.457566 0.400911 0.458079 0.401247 0.457395 0.401284 0.456826 0.404455 0.454318 0.405948 0.452865 0.404754 0.451212 0.403337 0.449617 0.402516 0.448221
1 0.384983 0.465156 0.386951 0.465999 0.389368 0.463660 0.391570 0.461362 0.393451 0.460091 0.397426 0.459065 0.398392 0.458860 0.399628 0.457629 0.402045 0.455783 0.405323 0.452951 0.404140 0.451187 0.402476 0.449259 0.401186 0.447905 0.399359 0.446962 0.397211 0.448726 0.396942 0.450285 0.395599 0.450942 0.393504 0.452009 0.391947 0.452624 0.391140 0.453362 0.390604 0.455086 0.390066 0.456439 0.389529 0.458327 0.388563 0.460255 0.386896 0.462553
1 0.404301 0.419017 0.406041 0.418258 0.408186 0.418044 0.407503 0.420560 0.411824 0.424098 0.414870 0.426591 0.417295 0.429037 0.420061 0.431957 0.420808 0.433121 0.421460 0.436397 0.425285 0.439983 0.429512 0.444043 0.431191 0.445514 0.433305 0.448933 0.435139 0.453753 0.436259 0.457433 0.435854 0.457077 0.433088 0.451046 0.430662 0.446986 0.429170 0.446464 0.427367 0.445324 0.425097 0.442499 0.423420 0.441264 0.420777 0.439697 0.420249 0.437822 0.419346 0.437086 0.417264 0.436445 0.415026 0.432741 0.412197 0.428895 0.410828 0.427375 0.408839 0.426164 0.407408 0.424977 0.405917 0.423908 0.404611 0.422982 0.404145 0.421890
1 0.410485 0.496114 0.408760 0.496991 0.410485 0.498747 0.412208 0.500063 0.413933 0.501381 0.426003 0.501381 0.432326 0.501381 0.431176 0.498308 0.430026 0.496114 0.426578 0.497869 0.422554 0.499625 0.419106 0.500502 0.415656 0.500942 0.414508 0.500502 0.412783 0.498747
1 0.500462 0.529705 0.502015 0.532222 0.503787 0.533361 0.505156 0.534382 0.506959 0.535593 0.507953 0.538086 0.511373 0.537445 0.514731 0.536661 0.513362 0.532150 0.512679 0.530844 0.509788 0.526808 0.508856 0.525834 0.506274 0.526618 0.505559 0.526499 0.505031 0.526119 0.503664 0.526499 0.500804 0.527638 0.500462 0.528399
1 0.513859 0.531895 0.518207 0.532604 0.522746 0.533268 0.522652 0.534551 0.519730 0.535358 0.517243 0.536141 0.515253 0.536450 0.514724 0.535026
1 0.486333 0.500995 0.489448 0.500422 0.493691 0.498903 0.498151 0.498000 0.501106 0.495785 0.503577 0.493119 0.508251 0.491149 0.511796 0.489507 0.515556 0.487334 0.518726 0.485282 0.521081 0.483954 0.522486 0.487169 0.524688 0.492584 0.528318 0.500874 0.500084 0.500913
1 0.484299 0.505427 0.488361 0.511877 0.492035 0.516996 0.494421 0.516209 0.498611 0.515372 0.504026 0.514288 0.512019 0.513008 0.518465 0.512073 0.522785 0.511286 0.527490 0.510547 0.529979 0.510399 0.528013 0.505377 0.505888 0.505338
1 0.463730 0.516111 0.468770 0.512668 0.470971 0.511529 0.472986 0.509393 0.476083 0.507940 0.483282 0.505546 0.486005 0.510162 0.488058 0.513182 0.491191 0.517256 0.487386 0.519364 0.485409 0.520390 0.482686 0.521872 0.480372 0.522613 0.478507 0.519507 0.477760 0.517940 0.479552 0.515860 0.478544 0.514008 0.477238 0.513125 0.474814 0.510703 0.471829 0.511786 0.466606 0.515091 0.464518 0.516714
1 0.480745 0.523325 0.483282 0.526088 0.484848 0.528140 0.485744 0.528368 0.490034 0.526117 0.493504 0.524551 0.497682 0.523695 0.501301 0.522955 0.500741 0.520618 0.500592 0.519564 0.497085 0.519194 0.494847 0.518994 0.492087 0.517740 0.486416 0.520561
1 0.470139 0.507347 0.472602 0.508914 0.475809 0.507404 0.482600 0.505295 0.475250 0.505324 0.472527 0.506549
1 0.463062 0.505489 0.474255 0.505233 0.470860 0.506601 0.466234 0.507683
1 0.456665 0.505494 0.460824 0.508230 0.464808 0.510897 0.467406 0.512401 0.470046 0.511102 0.471926 0.509393 0.469419 0.507751 0.466330 0.508367 0.461675 0.505529
1 0.469785 0.513476 0.475046 0.516695 0.477097 0.517892 0.478850 0.521139 0.479671 0.522678 0.478664 0.523105 0.476239 0.523247 0.474374 0.523247 0.472098 0.521738 0.466987 0.518291 0.464785 0.516866 0.467434 0.514928
1 0.474478 0.511216 0.476904 0.513439 0.478321 0.514635 0.478880 0.515689 0.478208 0.516686 0.477426 0.517513 0.474590 0.515889 0.470375 0.513210 0.471866 0.512241 0.473657 0.511416
1 0.475037 0.524094 0.478208 0.523837 0.480260 0.523410 0.482313 0.525860 0.483357 0.527057 0.484811 0.528653 0.483245 0.529621 0.479813 0.527171
1 0.508724 0.525530 0.507293 0.523649 0.504069 0.523205 0.501875 0.523171 0.493996 0.524744 0.493414 0.526487 0.493548 0.527309 0.494444 0.528949 0.495921 0.530864 0.497667 0.531718 0.499682 0.536163 0.501025 0.539275 0.505591 0.538761 0.507561 0.538317 0.506665 0.536061 0.504203 0.534249 0.501965 0.532710 0.501562 0.532265 0.500084 0.529770 0.499861 0.528813 0.500353 0.527410 0.503846 0.526043 0.505277 0.525770 0.506038 0.526214 0.507561 0.525906
1 0.413287 0.505636 0.423616 0.505577 0.431376 0.505520 0.432457 0.509708 0.433390 0.512785 0.433166 0.514268 0.432531 0.516291 0.429138 0.519396 0.424810 0.519880 0.422832 0.520193 0.421266 0.520193 0.421191 0.518769 0.421303 0.517173 0.421676 0.515578 0.421377 0.514723 0.420967 0.513926 0.420967 0.512729 0.420855 0.511703 0.420183 0.510706 0.419325 0.510706 0.418580 0.510677 0.418019 0.510421 0.417274 0.509081 0.416864 0.508027 0.416416 0.507572 0.415781 0.507430 0.415333 0.507685 0.415409 0.508199 0.414961 0.508170 0.414588 0.507515 0.413953 0.506461
1 0.410611 0.505632 0.412253 0.505603 0.413558 0.506971 0.414342 0.508082 0.414528 0.508652 0.415275 0.508766 0.415648 0.508566 0.415945 0.508110 0.416356 0.508537 0.417102 0.509991 0.417513 0.510732 0.417998 0.511159 0.418520 0.511273 0.419527 0.511216 0.420049 0.511701 0.420422 0.512555 0.420459 0.513068 0.420273 0.513780 0.420496 0.514350 0.420832 0.514948 0.421020 0.515717 0.420758 0.516999 0.420609 0.518282 0.420496 0.519621 0.420721 0.520362 0.419079 0.520362 0.420011 0.517228 0.420199 0.516230 0.418258 0.514236 0.413744 0.509278
1 0.432451 0.505467 0.452381 0.505468 0.450555 0.507354 0.448084 0.510227 0.445021 0.513139 0.439005 0.513468 0.435997 0.516134 0.433956 0.517078 0.432075 0.518842 0.430840 0.518966 0.433418 0.516627 0.434492 0.512566
1 0.609754 0.561114 0.615689 0.563058 0.621332 0.564925 0.626552 0.565860 0.630549 0.563596 0.635190 0.563547 0.638414 0.564138 0.645762 0.564729 0.653434 0.541983 0.655368 0.535976 0.652080 0.535188 0.646859 0.534352 0.641702 0.533662 0.637962 0.533072 0.634675 0.531545 0.630163 0.534105 0.625715 0.535041 0.621137 0.535730 0.613853 0.534992 0.609083 0.534401 0.607407 0.534401 0.605731 0.535139 0.604441 0.535730 0.603410 0.535779 0.601605 0.535385 0.600380 0.536025 0.597544 0.538880 0.594966 0.539866 0.593418 0.540948 0.591742 0.542967 0.590388 0.544838 0.588842 0.546611 0.586068 0.548333 0.583232 0.549220 0.588647 0.553848 0.599090 0.558082 0.609783 0.561136 0.610383 0.559356 0.602002 0.556996 0.598884 0.555281 0.592205 0.551993 0.601459 0.551010 0.610054 0.549973 0.615303 0.552267 0.610398 0.559301
1 0.389030 0.467023 0.393205 0.469570 0.396841 0.473469 0.399162 0.476719 0.401173 0.478372 0.402797 0.476601 0.404731 0.474355 0.405273 0.473587 0.405659 0.474296 0.405428 0.474769 0.404113 0.475301 0.403648 0.476246 0.403029 0.476660 0.402566 0.477310 0.402334 0.477900 0.401947 0.478196 0.401560 0.478608 0.399162 0.479613 0.395295 0.475241 0.392045 0.471578
1 0.409136 0.407821 0.413058 0.411350 0.409781 0.415535 0.408653 0.417708 0.407203 0.417586 0.405807 0.417914 0.404302 0.418612 0.404893 0.415001 0.405376 0.412088 0.407417 0.409626
1 0.337529 0.435860 0.344245 0.437936 0.351407 0.439902 0.358345 0.441526 0.363271 0.442010 0.369022 0.442206 0.371253 0.440011 0.377334 0.441498 0.383490 0.442979 0.389534 0.444517 0.389757 0.448477 0.389907 0.451669 0.388451 0.451811 0.386549 0.453806 0.385542 0.454461 0.382968 0.455088 0.381811 0.453549 0.378304 0.452381 0.369276 0.449076 0.358271 0.444859 0.348422 0.441041 0.337567 0.436710
1 0.337491 0.437080 0.343573 0.439588 0.352041 0.442894 0.359987 0.446027 0.370582 0.449902 0.378902 0.453179 0.381214 0.453862 0.382669 0.455685 0.385429 0.454973 0.386772 0.454233 0.388787 0.452210 0.389720 0.452011 0.389235 0.452979 0.386324 0.456996 0.383900 0.461157 0.376663 0.457737 0.372261 0.455800 0.369538 0.455829 0.366404 0.455315 0.364389 0.454746 0.361256 0.453549 0.358308 0.450956 0.356592 0.449503 0.354316 0.448392 0.352377 0.447652 0.350176 0.447281 0.343162 0.446540 0.341223 0.445287 0.339170 0.444289 0.337454 0.443463
1 0.337582 0.443967 0.341718 0.446019 0.342953 0.446921 0.348487 0.447659 0.351442 0.447865 0.353161 0.448357 0.356008 0.449752 0.357942 0.451475 0.360681 0.453813 0.364335 0.455373 0.369384 0.456316 0.372338 0.456357 0.377979 0.458942 0.383513 0.461486 0.381846 0.463906 0.372231 0.459845 0.360574 0.454798 0.349025 0.449670 0.342577 0.447085 0.337582 0.444869
1 0.409438 0.418062 0.416013 0.417077 0.426972 0.419243 0.434063 0.425299 0.443862 0.423429 0.450695 0.424758 0.454176 0.425791 0.458430 0.429976 0.463846 0.438445 0.466811 0.449818 0.470163 0.461782 0.471904 0.468723 0.471839 0.469856 0.471130 0.471333 0.469196 0.473351 0.464232 0.477192 0.459203 0.481031 0.457141 0.483444 0.454434 0.486743 0.453274 0.490484 0.452048 0.496885 0.450501 0.495605 0.450307 0.493241 0.450695 0.487974 0.442314 0.485019 0.439607 0.484084 0.433611 0.481524 0.430968 0.480244 0.435675 0.476748 0.441540 0.472662 0.441733 0.471529 0.443023 0.468969 0.445538 0.464588 0.441864 0.458334 0.437930 0.458581 0.437092 0.456710 0.435611 0.451491 0.432902 0.446273 0.431033 0.444057 0.427487 0.440611 0.422975 0.436377 0.422201 0.432980 0.420010 0.430616 0.416915 0.427022 0.414079 0.424659 0.409245 0.420523 0.408535 0.419981 0.408729 0.418752
1 0.432211 0.608229 0.433517 0.612845 0.435792 0.612674 0.433666 0.608686
1 0.356479 0.614386 0.368292 0.613467 0.377200 0.612646 0.376618 0.613159 0.375320 0.614048 0.372454 0.615552 0.366546 0.617398 0.361174 0.619245 0.362024 0.621809 0.359562 0.623655 0.357503 0.617672
1 0.503959 0.368118 0.502268 0.366127 0.507667 0.362537 0.515674 0.360602 0.516958 0.361668 0.519125 0.360742 0.524891 0.359761 0.532273 0.358414 0.530399 0.354122 0.518794 0.356647 0.507337 0.359060 0.500322 0.360798 0.495365 0.361892 0.493786 0.362622 0.492500 0.363491 0.490370 0.364809 0.488607 0.366352 0.485964 0.368903 0.481190 0.374009 0.479354 0.376000 0.477958 0.377346 0.476342 0.378636 0.475093 0.379421 0.472008 0.380375 0.463305 0.381806 0.450120 0.383657 0.442959 0.384947 0.437929 0.385761 0.434734 0.386265 0.431906 0.387051 0.425772 0.390248 0.419750 0.393726 0.415160 0.396306 0.409173 0.399503 0.404142 0.402168 0.409138 0.406375 0.413287 0.401943 0.416592 0.398718 0.420485 0.395184 0.421439 0.394848 0.428857 0.392912 0.445604 0.388677 0.456951 0.388284 0.462387 0.388060 0.472193 0.386798 0.476304 0.386237 0.481446 0.383376 0.494851 0.374288
1 0.398714 0.398819 0.402328 0.401209 0.408983 0.397608 0.415064 0.394377 0.422115 0.390102 0.430576 0.385659 0.433176 0.384750 0.436482 0.384010 0.445119 0.382798 0.452699 0.381721 0.461733 0.380409 0.467639 0.379500 0.472001 0.378793 0.473807 0.378288 0.477245 0.375360 0.482225 0.369908 0.485266 0.366677 0.487998 0.364321 0.491523 0.361729 0.489319 0.359677 0.484252 0.363244 0.479668 0.366441 0.475791 0.368898 0.471869 0.371018 0.466801 0.373240 0.461556 0.375226 0.455034 0.376707 0.445207 0.378356 0.439743 0.379399 0.433882 0.380712 0.429166 0.381789 0.426301 0.382529 0.423041 0.383741 0.417224 0.387073 0.414226 0.388823 0.416739 0.391448 0.414535 0.392391 0.412949 0.391146 0.412068 0.390438 0.404399 0.395116
1 0.413169 0.410128 0.409775 0.407165 0.411626 0.404675 0.416210 0.400469 0.418281 0.398011 0.420441 0.396261 0.421939 0.395252 0.434191 0.392223 0.446309 0.389193 0.457766 0.388890 0.462966 0.388790 0.470150 0.387679 0.477510 0.386668 0.480595 0.389261 0.483282 0.392458 0.483503 0.392962 0.488042 0.391078 0.491832 0.389395 0.492802 0.389967 0.494477 0.392121 0.497782 0.393333 0.499764 0.394780 0.502805 0.398281 0.506728 0.402353 0.499455 0.402252 0.495004 0.402353 0.486852 0.404002 0.479185 0.404575 0.463451 0.406560 0.456180 0.409151 0.451642 0.411979 0.444811 0.414840 0.439874 0.417061 0.438553 0.417767 0.438377 0.418643 0.438773 0.419619 0.430400 0.416690 0.431722 0.415176 0.432295 0.412416 0.425112 0.408849 0.418281 0.405113
1 0.427431 0.418613 0.431909 0.422286 0.434481 0.424362 0.439585 0.423408 0.444139 0.422651 0.447810 0.423492 0.447775 0.423352 0.441054 0.421025 0.433746 0.418500 0.430110 0.417153 0.428237 0.418164
1 0.440232 0.420098 0.446486 0.422460 0.452197 0.424358 0.454947 0.425246 0.457643 0.427953 0.459019 0.429649 0.471446 0.426660 0.486041 0.423026 0.482710 0.415109 0.489321 0.413614 0.493287 0.412767 0.495614 0.417492 0.496776 0.420279 0.510473 0.416805 0.521420 0.414221 0.520891 0.413938 0.516131 0.411756 0.513751 0.410828 0.509680 0.406022 0.507247 0.403033 0.495825 0.403033 0.487311 0.404730 0.479907 0.405335 0.463144 0.407516 0.457115 0.409778 0.452144 0.412807 0.448654 0.414342 0.443259 0.416483 0.440192 0.417896 0.439452 0.418542 0.439717 0.419229
1 0.469665 0.473841 0.473015 0.473234 0.472971 0.473941 0.470150 0.475557 0.467639 0.477374 0.466229 0.478417 0.464641 0.480773 0.463451 0.481850 0.462923 0.482659 0.461821 0.487808 0.461293 0.489760 0.461204 0.491039 0.464774 0.492352 0.468475 0.488380 0.470061 0.486967 0.473940 0.484577 0.477466 0.482691 0.479492 0.481682 0.480771 0.480167 0.482137 0.481043 0.483151 0.481682 0.476761 0.487539 0.471296 0.492823 0.463011 0.501002 0.454858 0.501068 0.456093 0.499588 0.454285 0.498544 0.453008 0.497400 0.453360 0.494472 0.454858 0.488548 0.455167 0.487269 0.457679 0.484106 0.460719 0.481043 0.465787 0.477072
1 0.406648 0.472730 0.410878 0.475321 0.414139 0.477240 0.415329 0.477879 0.417356 0.476802 0.414359 0.474884 0.410834 0.472662 0.409424 0.471821 0.407969 0.471955
1 0.521622 0.462666 0.528586 0.460916 0.534534 0.459469 0.538281 0.465695 0.542070 0.472326 0.545904 0.478585 0.547932 0.482052 0.546653 0.482187 0.545154 0.482187 0.544934 0.478922 0.544538 0.476263 0.540616 0.475557 0.539382 0.472830 0.538501 0.470610 0.537663 0.469599 0.534755 0.467849 0.533432 0.467311 0.528453 0.466705 0.523737 0.466301 0.521711 0.465998 0.521578 0.464887
1 0.476101 0.500928 0.478980 0.499880 0.481886 0.498969 0.483295 0.498641 0.485009 0.498548 0.486692 0.498969 0.488743 0.499927 0.484152 0.500698 0.482407 0.501003
1 0.473720 0.473106 0.485671 0.470603 0.486994 0.471895 0.478056 0.475449 0.480436 0.479649 0.479166 0.481386 0.473561 0.484334 0.470282 0.486354 0.468325 0.487848 0.466157 0.490272 0.464730 0.491807 0.461670 0.490672 0.462672 0.486641 0.463514 0.482517 0.465523 0.480659 0.466792 0.478519 0.470335 0.476014 0.473561 0.474116
1 0.521446 0.483668 0.522945 0.483029 0.526426 0.482490 0.531186 0.482389 0.536606 0.482557 0.537707 0.486731 0.533786 0.486529 0.533917 0.489155 0.534182 0.491409 0.534447 0.494708 0.537663 0.494910 0.539073 0.496424 0.540924 0.496222 0.543304 0.500866 0.528850 0.500732 0.524662 0.491005
1 0.537855 0.487235 0.534365 0.486955 0.534843 0.492649 0.534953 0.494304 0.538075 0.494528 0.539359 0.495930 0.540645 0.495818 0.538883 0.490966
1 0.528704 0.505407 0.542862 0.505453 0.544765 0.508748 0.542544 0.509378 0.535310 0.509863 0.530558 0.510202 0.529537 0.507730
1 0.544075 0.505530 0.554735 0.505288 0.548390 0.507420 0.545408 0.508341
1 0.537800 0.482796 0.546486 0.483090 0.549658 0.482315 0.553657 0.479649 0.556386 0.477080 0.564065 0.475626 0.573265 0.473979 0.578405 0.473106 0.581769 0.482121 0.584688 0.489827 0.586021 0.493220 0.577390 0.494431 0.570029 0.497049 0.566031 0.498600 0.560764 0.499423 0.554863 0.500877 0.544392 0.500877 0.542551 0.497872 0.540775 0.493801 0.538807 0.487306
1 0.508943 0.404052 0.514883 0.403297 0.518996 0.404576 0.523412 0.403064 0.527068 0.403529 0.530646 0.402424 0.534682 0.407542 0.519452 0.412602 0.516406 0.411206 0.514578 0.410392 0.512065 0.407425
1 0.559834 0.538071 0.564761 0.545153 0.567943 0.549548 0.570789 0.553287 0.573759 0.551744 0.578195 0.550132 0.583122 0.548566 0.586306 0.547444 0.588693 0.545691 0.590712 0.542863 0.593161 0.540128 0.594538 0.539240 0.595303 0.537814 0.594047 0.533724 0.591753 0.525777 0.590529 0.521407 0.588661 0.520869 0.582816 0.523230 0.580093 0.524492 0.573942 0.528371 0.566475 0.532158
1 0.436093 0.258397 0.439178 0.255593 0.443877 0.257780 0.446632 0.259099 0.443621 0.262632 0.446008 0.263838 0.456951 0.257892 0.453977 0.255228 0.457869 0.251329 0.461542 0.254611 0.456510 0.257471 0.456878 0.257808 0.459816 0.256294 0.465692 0.253040 0.471200 0.250123 0.461947 0.245103 0.449203 0.253405 0.444502 0.249057 0.451076 0.245299 0.455409 0.249365 0.461982 0.245131 0.453463 0.240531 0.441785 0.246842 0.435468 0.240812 0.441895 0.237389 0.448651 0.243168 0.453463 0.240531 0.442996 0.234809 0.436128 0.238316 0.432493 0.234894 0.436570 0.232761 0.440389 0.236099 0.442996 0.234809 0.430656 0.228022 0.424414 0.229816 0.419016 0.231500 0.416151 0.231612 0.410276 0.233463 0.400801 0.240391 0.420485 0.250320 0.427058 0.244289 0.425442 0.243364 0.420815 0.240055 0.415711 0.244486 0.421911 0.249001 0.420522 0.250292 0.430363 0.255508 0.435872 0.250376 0.435542 0.250011 0.438370 0.247318 0.435064 0.245860 0.433008 0.244682 0.430290 0.247347 0.429042 0.246785 0.424341 0.251553 0.428674 0.253741 0.431024 0.254891 0.430326 0.255508
1 0.364738 0.363518 0.372818 0.358638 0.380089 0.354122 0.387029 0.349944 0.391106 0.347504 0.397496 0.350925 0.402968 0.353898 0.399478 0.354600 0.395807 0.355553 0.393933 0.356367 0.389820 0.358274 0.387397 0.359396 0.382401 0.360938 0.378693 0.362004 0.374580 0.363070 0.371349 0.363799 0.366463 0.365005
1 0.391752 0.347257 0.403544 0.353760 0.406982 0.352185 0.411001 0.349761 0.414703 0.347862 0.416553 0.347378 0.419145 0.348509 0.424751 0.342370 0.420044 0.339946 0.403862 0.339987
1 0.483789 0.415287 0.492991 0.413300 0.496163 0.420424 0.486645 0.422848 0.484994 0.418970
1 0.508029 0.402889 0.515492 0.400679 0.526459 0.396899 0.537195 0.393293 0.547247 0.391257 0.552197 0.401668 0.535292 0.407425 0.531027 0.401843 0.527220 0.403006 0.523488 0.402541 0.519148 0.404052 0.514960 0.402599 0.508638 0.403471
1 0.396882 0.378880 0.399472 0.377952 0.406241 0.374640 0.417029 0.369389 0.423957 0.366118 0.429509 0.363776 0.433265 0.362685 0.443630 0.360020 0.448231 0.358889 0.453095 0.357677 0.453254 0.356950 0.440403 0.350286 0.427659 0.343541 0.411795 0.361474 0.402117 0.372701
1 0.483814 0.529821 0.486660 0.528348 0.489966 0.526689 0.493118 0.525053 0.493211 0.525193 0.492752 0.526386 0.492843 0.527717 0.495658 0.531270 0.497067 0.532088 0.497862 0.533256 0.499515 0.537300 0.500616 0.539777 0.504013 0.540736 0.506370 0.541321 0.511663 0.540736 0.512307 0.542279 0.514541 0.541975 0.516377 0.545551 0.514785 0.546298 0.515428 0.546790 0.521151 0.549314 0.524242 0.550717 0.524610 0.551043 0.521947 0.552516 0.519866 0.554152 0.511113 0.548402 0.499178 0.540502 0.489293 0.533701
1 0.502178 0.539463 0.505275 0.539163 0.512499 0.537587 0.517943 0.536364 0.522250 0.534978 0.523923 0.540713 0.525808 0.547263 0.526628 0.549981 0.525061 0.550661 0.515808 0.546285 0.516982 0.545632 0.515026 0.541446 0.512606 0.541664 0.512107 0.540142 0.509723 0.540387 0.507836 0.540686 0.506200 0.540794 0.503460 0.540033
1 0.493056 0.517357 0.494331 0.516880 0.502962 0.515205 0.513311 0.513597 0.527932 0.511264 0.535910 0.510697 0.542672 0.510108 0.549582 0.507956 0.549997 0.508047 0.548425 0.516699 0.546527 0.514774 0.539824 0.515068 0.533982 0.516631 0.531728 0.520505 0.533271 0.525737 0.534754 0.530516 0.536771 0.530108 0.539765 0.529406 0.543531 0.527368 0.549404 0.524990 0.552607 0.523222 0.556788 0.520867 0.558241 0.520210 0.561356 0.518693 0.563729 0.517334 0.565003 0.516813 0.566011 0.519667 0.568354 0.524650 0.570608 0.529089 0.565685 0.531558 0.562275 0.534707 0.558241 0.538081 0.554326 0.540754 0.550679 0.543200 0.547743 0.545057 0.545608 0.547163 0.544688 0.547933 0.539943 0.550946 0.528081 0.550403 0.527547 0.550063 0.524285 0.538398 0.523247 0.535114 0.524344 0.532667 0.521200 0.532532 0.514023 0.531150 0.510791 0.526393 0.509753 0.525623 0.507617 0.522906 0.502280 0.522226 0.501271 0.519009 0.497593 0.518399 0.494657 0.518194
1 0.550642 0.507630 0.556689 0.505360 0.577341 0.505242 0.593484 0.505281 0.599378 0.505163 0.600300 0.515066 0.592819 0.517022 0.588360 0.520233 0.584517 0.521719 0.580007 0.523716 0.578264 0.516906 0.577341 0.512992 0.572729 0.514166 0.569604 0.515027 0.564632 0.516397 0.561250 0.518197 0.559764 0.519058 0.556997 0.520233 0.555255 0.521289 0.553769 0.522111 0.552539 0.522659 0.548797 0.517297 0.549617 0.512365
1 0.600386 0.505352 0.629808 0.505101 0.643523 0.505054 0.635159 0.515105 0.631899 0.519285 0.631161 0.520318 0.630669 0.523653 0.626672 0.526894 0.630423 0.531356 0.628209 0.532013 0.624273 0.532812 0.619661 0.533187 0.615664 0.532999 0.611974 0.532718 0.608839 0.532718 0.606502 0.532999 0.604780 0.533234 0.602443 0.520788 0.601520 0.516514 0.601459 0.514965 0.600598 0.507403
1 0.558281 0.500874 0.560807 0.500128 0.565759 0.499377 0.570543 0.497714 0.576992 0.495268 0.583697 0.494421 0.586985 0.493898 0.595868 0.490898 0.599754 0.500747 0.572081 0.500944
1 0.565453 0.516631 0.567767 0.515979 0.571397 0.515028 0.575027 0.513859 0.576949 0.513642 0.578764 0.521578 0.579475 0.523969 0.576914 0.525655 0.573354 0.527884 0.571148 0.528836 0.567589 0.521496
1 0.511573 0.481298 0.515523 0.478063 0.517161 0.476623 0.517659 0.472627 0.520791 0.471703 0.523744 0.470806 0.525774 0.470317 0.527410 0.473606 0.528514 0.475589 0.526699 0.474258 0.521824 0.476813 0.516485 0.479205
1 0.478750 0.475647 0.482061 0.474287 0.487255 0.472276 0.489000 0.473880 0.493804 0.473065 0.495157 0.474968 0.488003 0.477114 0.483840 0.478447 0.481064 0.479371 0.480139 0.477821
1 0.486299 0.470530 0.489225 0.473279 0.494170 0.472545 0.495701 0.474693 0.498441 0.473932 0.499010 0.473578 0.502250 0.467300
1 0.471337 0.472632 0.485729 0.469827 0.503324 0.466338 0.502171 0.465131 0.499225 0.462619 0.497516 0.461250 0.494741 0.456684 0.489658 0.460630 0.487737 0.461804 0.486540 0.464316 0.485260 0.464968 0.481630 0.466142 0.480306 0.467707 0.478171 0.468034 0.475950 0.469110 0.474328 0.470448 0.474099 0.471557 0.472150 0.471589
1 0.504478 0.367806 0.503068 0.366305 0.506271 0.364120 0.508192 0.362913 0.512250 0.361902 0.515495 0.361184 0.516520 0.362000 0.511439 0.364348
1 0.554600 0.347246 0.559760 0.345072 0.566201 0.341593 0.570009 0.339554 0.573248 0.339500 0.571433 0.342109 0.569688 0.344610 0.568586 0.345833 0.566343 0.347274 0.564351 0.348252 0.558194 0.348143 0.555027 0.348061
1 0.528852 0.348773 0.531194 0.348229 0.534042 0.347459 0.537541 0.346666 0.541663 0.345670 0.544066 0.344945 0.545489 0.344764 0.547268 0.344786 0.547417 0.343314 0.547624 0.343405 0.548277 0.344537 0.548455 0.345557 0.548544 0.346643 0.548455 0.347301 0.548277 0.347664 0.543976 0.348932 0.535910 0.350835 0.530453 0.352306
1 0.531364 0.353905 0.542357 0.350970 0.551219 0.348523 0.552572 0.348143 0.553354 0.347871 0.554991 0.348632 0.564102 0.348932 0.567483 0.347599 0.569939 0.345724 0.574243 0.339554 0.586949 0.339392 0.582607 0.342000 0.581505 0.343006 0.577909 0.348170 0.576771 0.349638 0.575632 0.351025 0.570223 0.353226 0.569119 0.353878 0.562677 0.354042 0.551682 0.354394 0.550080 0.354531 0.540934 0.356624 0.533282 0.358335
1 0.482351 0.349011 0.489010 0.357248 0.494029 0.354204 0.500079 0.351459 0.504421 0.350399 0.510399 0.349366 0.510256 0.346430 0.512321 0.346132 0.513922 0.349094 0.519973 0.348333 0.525523 0.347382 0.526876 0.347056 0.523603 0.339989 0.511467 0.341702 0.506057 0.342517 0.500363 0.343822 0.490897 0.346350
1 0.524499 0.339727 0.527838 0.346847 0.539675 0.344341 0.544288 0.340897 0.546234 0.341289 0.547414 0.341054 0.546234 0.339645 0.527427 0.339683
1 0.546696 0.312540 0.548544 0.311714 0.550027 0.311242 0.552992 0.310336 0.555538 0.309298 0.558430 0.308071 0.561221 0.307014 0.564830 0.308429 0.569823 0.310430 0.573061 0.311374 0.576050 0.313960 0.576965 0.314715 0.570910 0.314960 0.568390 0.315772 0.571034 0.319699 0.572640 0.322038 0.576569 0.320283 0.575210 0.318792 0.573653 0.316810 0.572121 0.314903 0.576965 0.314715 0.581191 0.314205 0.584997 0.317131 0.587147 0.315867 0.589964 0.312507 0.591719 0.309808 0.598862 0.306618 0.601679 0.302220 0.610106 0.300484 0.610082 0.298483 0.613394 0.296180 0.617273 0.295312 0.618460 0.289328 0.637637 0.293613 0.634005 0.298125 0.628098 0.302163 0.625898 0.303598 0.624193 0.304390 0.622340 0.305730 0.617520 0.308146 0.614258 0.309543 0.610279 0.310921 0.608252 0.311752 0.606424 0.312658 0.603557 0.314130 0.602519 0.314640 0.597972 0.315564 0.595476 0.316263 0.593053 0.317811 0.591101 0.319113 0.587988 0.320736 0.583144 0.322945 0.578249 0.324965 0.573653 0.326417 0.569698 0.327720 0.562928 0.329399 0.553561 0.319622
1 0.569079 0.315910 0.570984 0.315321 0.571825 0.315321 0.573799 0.317693 0.575772 0.320079 0.574966 0.320537 0.572855 0.321534 0.570297 0.317916
1 0.539159 0.316450 0.542464 0.314685 0.545987 0.313054 0.553247 0.320501 0.562357 0.329770 0.557233 0.331618 0.554741 0.332434 0.545133 0.322676 0.541503 0.319115
1 0.594066 0.552345 0.601505 0.551530 0.610082 0.550497 0.614494 0.552400 0.610153 0.558651 0.605562 0.557482 0.602537 0.556695 0.598195 0.554330
1 0.596771 0.490838 0.598408 0.494752 0.600828 0.500840 0.611327 0.500677 0.625064 0.500623 0.643641 0.500541 0.645562 0.498013 0.649086 0.495540 0.654851 0.492115 0.660083 0.488990 0.657058 0.484015 0.654672 0.482330 0.651363 0.481243 0.646274 0.478009 0.614993 0.486027
1 0.660355 0.489361 0.661685 0.491648 0.663197 0.495998 0.664086 0.498920 0.664116 0.500029 0.663464 0.500551 0.651364 0.500505 0.644335 0.500528 0.646352 0.497901 0.653053 0.493709 0.658066 0.490607
1 0.601423 0.442897 0.615721 0.439415 0.628634 0.436283 0.633709 0.452800 0.635528 0.458522 0.633355 0.459543 0.628977 0.458334 0.625073 0.459050 0.623172 0.459238 0.621389 0.459351 0.621220 0.459771 0.622823 0.462318 0.619984 0.462713 0.617263 0.461790 0.616100 0.459430 0.614348 0.458768 0.612394 0.458694 0.610073 0.459144 0.609976 0.459672 0.612297 0.462901 0.611949 0.462940 0.607998 0.462033 0.603990 0.450181
1 0.622716 0.429770 0.627490 0.427844 0.632057 0.427481 0.633451 0.429860 0.628943 0.431151 0.624761 0.432261
1 0.555090 0.406236 0.563700 0.404028 0.573232 0.401727 0.582825 0.399285 0.588544 0.397969 0.590266 0.400741 0.591680 0.403089 0.585531 0.404733 0.576615 0.406894 0.570034 0.408631 0.567144 0.409477 0.563823 0.411309 0.561486 0.412671 0.556622 0.410224
1 0.509911 0.482436 0.514725 0.480429 0.518956 0.478676 0.522630 0.477004 0.526692 0.474989 0.530642 0.477865 0.535465 0.481274 0.535465 0.481754 0.529733 0.481733 0.526184 0.481862 0.523424 0.482114 0.522049 0.482464 0.519664 0.483765 0.514745 0.486802 0.513408 0.487779 0.511303 0.489004 0.510811 0.487638 0.510172 0.484144
1 0.535190 0.459439 0.545915 0.456725 0.566031 0.451782 0.570283 0.450764 0.576692 0.468212 0.578342 0.472379 0.568443 0.474027 0.559495 0.475821 0.556068 0.476499 0.555180 0.476887 0.554037 0.478001 0.551626 0.480182 0.550230 0.481103 0.548390 0.481927 0.542489 0.471895 0.538744 0.465352
1 0.668936 0.465177 0.673201 0.464596 0.681882 0.463666 0.682111 0.465468 0.682338 0.467620 0.671678 0.470470 0.668936 0.471342
1 0.611513 0.471502 0.615967 0.484947 0.639827 0.478840 0.645857 0.477289 0.663879 0.470698 0.664016 0.464566 0.651716 0.466281 0.640775 0.467701 0.638315 0.467963 0.629293 0.469195
1 0.608358 0.462686 0.611342 0.470974 0.626825 0.469035 0.638121 0.467532 0.635709 0.459052 0.633424 0.460069 0.628919 0.458760 0.623716 0.459681 0.621875 0.459681 0.623843 0.462783 0.619844 0.463268 0.616608 0.462008 0.615466 0.459585 0.613816 0.459148 0.611975 0.459197 0.610769 0.459390 0.611595 0.460844 0.613118 0.463219 0.612293 0.463511
1 0.641673 0.361246 0.643803 0.367586 0.646043 0.374569 0.649532 0.374317 0.655958 0.373392 0.659924 0.372719 0.662973 0.372213 0.663119 0.359788 0.660512 0.352889 0.651735 0.357741
1 0.668392 0.360233 0.670229 0.365164 0.673166 0.372223 0.668607 0.372690
1 0.668628 0.373223 0.673341 0.372639 0.675453 0.377827 0.668811 0.379324
1 0.646424 0.375057 0.649069 0.374789 0.654358 0.373980 0.657530 0.373510 0.659999 0.373072 0.663084 0.372601 0.663347 0.378827 0.653388 0.381283 0.648804 0.382394
1 0.669079 0.379978 0.683710 0.376520 0.691294 0.374636 0.692939 0.379940 0.694036 0.384406 0.694858 0.388105 0.697326 0.393967 0.697965 0.398923 0.699153 0.405274 0.696959 0.411764 0.692756 0.419162 0.691659 0.421814 0.687364 0.422652 0.669089 0.427049 0.668631 0.410368 0.668906 0.389152
1 0.329251 0.434461 0.331184 0.435160 0.331269 0.436051 0.328189 0.434835
1 0.320409 0.435602 0.322875 0.435520 0.325914 0.435359 0.327464 0.435018 0.331247 0.436478 0.331227 0.442808 0.329335 0.441445 0.326147 0.438702 0.323937 0.437257 0.322832 0.436608 0.321472 0.436284
1 0.337604 0.435341 0.346057 0.437610 0.354205 0.439879 0.359764 0.440867 0.366047 0.441191 0.368636 0.441300 0.370729 0.439122 0.381543 0.441798 0.389464 0.443891 0.388397 0.438599 0.388701 0.435110 0.387331 0.432493 0.385808 0.430399 0.385655 0.427665 0.383904 0.419523 0.383524 0.414404 0.386493 0.408589 0.390682 0.401668 0.391824 0.399807 0.393271 0.398876 0.395326 0.397480 0.387027 0.392421 0.385960 0.391607 0.378801 0.399749 0.371416 0.408531 0.364334 0.416848 0.359459 0.422257 0.357404 0.424641 0.353520 0.427141 0.349941 0.429061 0.337757 0.434120
1 0.508239 0.339665 0.509120 0.340561 0.509085 0.341263 0.521680 0.339611
1 0.497572 0.339634 0.500080 0.342930 0.500877 0.342977 0.505987 0.341902 0.508435 0.341551 0.508588 0.341060 0.507456 0.339657
1 0.515338 0.351363 0.516748 0.355233 0.520142 0.354526 0.523535 0.353786 0.529396 0.352541 0.528603 0.350623 0.527766 0.349041 0.521861 0.350421
1 0.510226 0.352339 0.511680 0.352036 0.514721 0.351464 0.516176 0.355335 0.511592 0.356378
1 0.490598 0.359003 0.492889 0.357152 0.498045 0.355065 0.502055 0.353887 0.505758 0.353079 0.509497 0.352441 0.511001 0.356546 0.500865 0.358734 0.494652 0.360248 0.492317 0.361157
1 0.484947 0.299108 0.490671 0.300346 0.498566 0.301843 0.501962 0.299318 0.502330 0.298898 0.505697 0.296513 0.503737 0.295695 0.503248 0.291348 0.506247 0.291325 0.509582 0.291372 0.512184 0.291372 0.510624 0.293896 0.509981 0.295135 0.512062 0.296163 0.509828 0.298430 0.510011 0.298570 0.515398 0.298267 0.516713 0.298664 0.517785 0.299388 0.519744 0.298289 0.522895 0.298711 0.523936 0.298828 0.524272 0.299108 0.523997 0.299692 0.522467 0.302871 0.517908 0.303151 0.517326 0.305489 0.522773 0.306681 0.525649 0.307265 0.530914 0.308807 0.537095 0.308924 0.537983 0.309018 0.539911 0.309906 0.543491 0.311636 0.544991 0.312477 0.547991 0.311262 0.551356 0.310210 0.555794 0.308457 0.560415 0.306564 0.561669 0.305699 0.562128 0.305161 0.550591 0.301796 0.528924 0.295578 0.512674 0.290974 0.489415 0.284312 0.487304 0.290974
1 0.503892 0.291815 0.504534 0.291652 0.508328 0.291745 0.511144 0.291652 0.511206 0.291909 0.510287 0.293405 0.509491 0.295088 0.505971 0.296304 0.504105 0.295111
1 0.484625 0.299552 0.498680 0.302224 0.502699 0.299397 0.505343 0.297175 0.506402 0.296530 0.509574 0.295439 0.511213 0.296166 0.509045 0.298710 0.509415 0.298952 0.515496 0.298629 0.517929 0.299922 0.519991 0.298750 0.523694 0.299235 0.522001 0.302507 0.517137 0.302911 0.516660 0.305940 0.525386 0.307515 0.530885 0.309171 0.537813 0.309373 0.544688 0.312725 0.539717 0.315188 0.536015 0.317006 0.533265 0.318622 0.531944 0.320035 0.530621 0.323104 0.528664 0.331222 0.523800 0.330213 0.521526 0.332718 0.522583 0.335342 0.508623 0.335302 0.505925 0.331869 0.497200 0.334252 0.485724 0.318500 0.480754 0.311836
1 0.477848 0.281031 0.482732 0.282321 0.485376 0.283163 0.483245 0.286137 0.480162 0.285799 0.479059 0.287511 0.477297 0.290427 0.476856 0.292867 0.477002 0.294410 0.477443 0.295672 0.478618 0.296794 0.478729 0.297159 0.476856 0.297075 0.473882 0.297944 0.470246 0.296738 0.465582 0.295363 0.471237 0.288717
1 0.386342 0.390967 0.387863 0.392246 0.395910 0.396963 0.400172 0.394320 0.405263 0.391141 0.411623 0.387186 0.415174 0.385145 0.418092 0.383463 0.420910 0.382054 0.422440 0.381453 0.427245 0.380098 0.431422 0.378986 0.436449 0.377881 0.442007 0.376602 0.448175 0.375380 0.451146 0.375031 0.455791 0.374275 0.460283 0.373403 0.464015 0.371949 0.463176 0.369972 0.464472 0.369447 0.465462 0.369099 0.466071 0.369274 0.466603 0.370204 0.467061 0.370611 0.471782 0.368459 0.475513 0.366772 0.480388 0.363341 0.484119 0.360665 0.488307 0.357932 0.484119 0.353046 0.481301 0.349383 0.474143 0.352058 0.468051 0.354442 0.456018 0.357176 0.450461 0.358688 0.441475 0.361015 0.435840 0.362526 0.431803 0.363574 0.428986 0.364505 0.422055 0.367528 0.416116 0.370437 0.406369 0.375147 0.398297 0.379102 0.396240 0.379625 0.391672 0.384918
1 0.350529 0.368520 0.354269 0.368517 0.362074 0.366820 0.365818 0.365803 0.370007 0.370407 0.373560 0.374139 0.379335 0.377726 0.388980 0.383687 0.383967 0.389842 0.365818 0.378452 0.354903 0.371474
1 0.428904 0.343157 0.432640 0.341124 0.435611 0.339903 0.443987 0.340310 0.451068 0.339787 0.480388 0.339437 0.496759 0.339554 0.499881 0.343393 0.490820 0.345660 0.483814 0.347812 0.477797 0.349906 0.474371 0.351186 0.470488 0.352640 0.467975 0.353687 0.462567 0.354908 0.454419 0.356711
1 0.397097 0.374211 0.407353 0.362209 0.415602 0.352677 0.418648 0.349280 0.416586 0.348016 0.412973 0.349442 0.405343 0.353824 0.402303 0.354797 0.398711 0.355496 0.395310 0.356470 0.391932 0.358323 0.386728 0.360448 0.382646 0.361744 0.375506 0.363646 0.367067 0.365577 0.371636 0.370593 0.374338 0.373400 0.379499 0.376729 0.389425 0.383025 0.396543 0.374895 0.397057 0.374196 0.390847 0.370497 0.384814 0.366974 0.387045 0.365202 0.389319 0.363287 0.394100 0.365932 0.395396 0.366615 0.393910 0.367814 0.390847 0.370475
1 0.385724 0.366926 0.388262 0.364826 0.389266 0.363857 0.392705 0.365714 0.394555 0.366643 0.391593 0.369228 0.390641 0.369915
1 0.426257 0.330596 0.429871 0.332246 0.437981 0.323057 0.450099 0.309056 0.458693 0.299229 0.455343 0.297478 0.444193 0.310167 0.432207 0.323730
1 0.554723 0.341553 0.556070 0.340805 0.557233 0.340198 0.559344 0.342394 0.560629 0.343797 0.558671 0.344732 0.557660 0.345175 0.555978 0.343190
1 0.557803 0.339617 0.561240 0.343352 0.568952 0.339516
1 0.526293 0.335453 0.528098 0.334798 0.529261 0.332250 0.531005 0.326151 0.532077 0.322247 0.532383 0.321289 0.532963 0.320214 0.537157 0.324818 0.539574 0.326992 0.541869 0.330264 0.544409 0.333443 0.546552 0.335546 0.534066 0.335453
1 0.431751 0.335063 0.436332 0.335060 0.446116 0.324881 0.449817 0.321045 0.452408 0.322055 0.456745 0.317208 0.461028 0.312644 0.460870 0.310706 0.458225 0.309777 0.460340 0.307192 0.460817 0.306384 0.465100 0.307717 0.470652 0.303476 0.461346 0.300487 0.451086 0.312483 0.437231 0.328557
1 0.448101 0.264764 0.446559 0.264091 0.452287 0.260809 0.459228 0.257051 0.461469 0.255957 0.464810 0.256294 0.474469 0.258313 0.487469 0.261033 0.483245 0.265717 0.486037 0.267261 0.478803 0.275646 0.471200 0.273655 0.468557 0.275562 0.457759 0.270037 0.460991 0.266671 0.453169 0.262323 0.451736 0.261454 0.449644 0.263277
1 0.455635 0.505494 0.460513 0.508607 0.464737 0.511357 0.467124 0.512815 0.463195 0.515731 0.457723 0.511833 0.451516 0.507738 0.454013 0.505523
1 0.525456 0.552159 0.526735 0.555324 0.528541 0.560137 0.532198 0.562997 0.542863 0.561920 0.547534 0.561684 0.557803 0.561180 0.560139 0.560507 0.559169 0.549905 0.555995 0.544318 0.554585 0.541591 0.551324 0.543577 0.548593 0.545395 0.546037 0.547851 0.540260 0.551655 0.527572 0.551184
1 0.663347 0.511940 0.663832 0.528331 0.663920 0.536981 0.656384 0.535365 0.659514 0.526311 0.662995 0.518470 0.662819 0.514498
1 0.596854 0.538056 0.597792 0.537423 0.599129 0.536189 0.600340 0.535049 0.601148 0.534597 0.601958 0.534551 0.603543 0.535097 0.604631 0.534670 0.606342 0.533790 0.606994 0.533624 0.609947 0.533790 0.615170 0.534170 0.618278 0.534622 0.620953 0.534812 0.624279 0.534409 0.627387 0.533862 0.628724 0.533624 0.631243 0.532556 0.633015 0.531678 0.633916 0.530727 0.632673 0.529873 0.630682 0.531702 0.626547 0.532770 0.623128 0.533363 0.618031 0.533624 0.612715 0.533221 0.609791 0.533150 0.606838 0.533339 0.602952 0.533980 0.600652 0.534431 0.598498 0.535248 0.597283 0.536843
1 0.604319 0.533468 0.600767 0.515494 0.593354 0.517563 0.589485 0.520320 0.591033 0.520960 0.593740 0.530462 0.595638 0.537149 0.595724 0.537772 0.595137 0.539082 0.595938 0.538711 0.596239 0.537761 0.596625 0.537400 0.597011 0.536155 0.597802 0.535238 0.599478 0.534450 0.601992 0.533761
1 0.560704 0.575930 0.568035 0.572844 0.571869 0.571440 0.576610 0.574189 0.576093 0.577336 0.579175 0.581035 0.580937 0.582777 0.582180 0.583884 0.580652 0.589068 0.578839 0.594311 0.578086 0.596369 0.586066 0.597813 0.591533 0.598347 0.595340 0.598466 0.594434 0.592986 0.594487 0.589880 0.595548 0.586279 0.589149 0.581134 0.582154 0.575357 0.575445 0.569658 0.562620 0.568253 0.558683 0.567739 0.558242 0.570687 0.558320 0.573081
1 0.561147 0.576165 0.565847 0.574216 0.571487 0.571926 0.576010 0.574354 0.575562 0.577499 0.579143 0.581875 0.581649 0.584063 0.579366 0.591551 0.577576 0.596064 0.574665 0.595448 0.572070 0.593055 0.569787 0.589602 0.567727 0.584644 0.565399 0.580918 0.562713 0.578080
1 0.555063 0.540950 0.557511 0.539520 0.559059 0.538389 0.563055 0.544099 0.566600 0.548875 0.570276 0.553700 0.564990 0.556949 0.561250 0.559559 0.560799 0.558131 0.560026 0.549220 0.556028 0.543016
1 0.405369 0.335121 0.411926 0.331077 0.420452 0.335238
1 0.421712 0.339807 0.425200 0.341607 0.426792 0.339784
1 0.565312 0.557589 0.561186 0.563252 0.558995 0.567140 0.570984 0.568568 0.587101 0.570587 0.597995 0.572507 0.599542 0.567387 0.600187 0.564138 0.600702 0.561972 0.601459 0.559727 0.588197 0.554636 0.582394 0.549712 0.576851 0.551484 0.571243 0.553798
1 0.521762 0.555208 0.525152 0.552603 0.526576 0.556693 0.528001 0.559792 0.524072 0.556791
1 0.534404 0.517028 0.539813 0.515508 0.546310 0.515128 0.549979 0.520044 0.552092 0.523082 0.549886 0.524389 0.543046 0.527214 0.540714 0.528520 0.538134 0.529374 0.535149 0.530015 0.534931 0.529897 0.533159 0.523582 0.532383 0.520329 0.533377 0.518476
1 0.381064 0.305210 0.384386 0.308517 0.391736 0.314366 0.399781 0.318442 0.411307 0.324174 0.422368 0.329491 0.429795 0.332739 0.427862 0.335103 0.422679 0.335280 0.408058 0.328013 0.384697 0.315843 0.374408 0.310880 0.376731 0.308575
1 0.533481 0.358957 0.543598 0.380770 0.547762 0.390104 0.558774 0.386240 0.577710 0.379471 0.589215 0.365863 0.591991 0.362615 0.590379 0.360599 0.587918 0.357042 0.585365 0.350238 0.583933 0.346410 0.582634 0.343092 0.577889 0.349726 0.576010 0.351674 0.569205 0.354443 0.561370 0.354888 0.554477 0.355162 0.550134 0.355230 0.541628 0.357179
1 0.592760 0.339383 0.597148 0.339315 0.602968 0.349606 0.606236 0.355520 0.601803 0.357538 0.597684 0.348957 0.594864 0.343384
1 0.588464 0.339383 0.591911 0.339280 0.595581 0.346256 0.598626 0.352478 0.600998 0.357777 0.592677 0.361780 0.590747 0.359658 0.589627 0.358256 0.585911 0.349161 0.583136 0.342631
1 0.588633 0.335571 0.591274 0.334135 0.592842 0.335503
1 0.591972 0.333889 0.593424 0.335365 0.597453 0.335365 0.595518 0.332043
1 0.596096 0.331873 0.598126 0.335183 0.617903 0.335476 0.613417 0.330631 0.609085 0.324545 0.606455 0.324605 0.606300 0.325964 0.604366 0.327382
1 0.593289 0.362116 0.597909 0.359901 0.601992 0.357973 0.604678 0.364783 0.606074 0.367696 0.601293 0.369214 0.597747 0.370608
1 0.592835 0.362873 0.597028 0.370847 0.578977 0.379119 0.580912 0.376755 0.588777 0.367449 0.591547 0.364304
1 0.494551 0.375820 0.500515 0.382712 0.507230 0.389892 0.512064 0.394980 0.515985 0.399410 0.523400 0.396949 0.536829 0.392641 0.541073 0.391574 0.546928 0.390508 0.538870 0.372989 0.532639 0.359039 0.524903 0.360475 0.519478 0.361459 0.517597 0.362239 0.511527 0.365111 0.502610 0.370199
1 0.574917 0.335571 0.587541 0.335653 0.594632 0.331632 0.600057 0.328924 0.603710 0.326873 0.605269 0.326012 0.605860 0.325068 0.605483 0.324001 0.607848 0.324001 0.610265 0.323181 0.612682 0.322688 0.613596 0.321622 0.614132 0.321211 0.617732 0.320226 0.622727 0.319816 0.625092 0.318955 0.629980 0.316083 0.631323 0.314688 0.624392 0.316247 0.616013 0.318627 0.603603 0.323221 0.598661 0.324534 0.592161 0.328227 0.587594 0.330155 0.583082 0.331510 0.578892 0.332986 0.575777 0.334505
1 0.559088 0.335571 0.561013 0.334477 0.563026 0.334819 0.563699 0.333212 0.565041 0.332596 0.567816 0.335092 0.567593 0.335503
1 0.436417 0.240848 0.438607 0.239634 0.440316 0.238581 0.441725 0.237859 0.444213 0.240058 0.446223 0.241844 0.447647 0.242955 0.447647 0.243172 0.444753 0.244661 0.442879 0.245818 0.442070 0.246150 0.439191 0.243653
1 0.433204 0.234974 0.434542 0.234348 0.436507 0.233259 0.438450 0.234909 0.439724 0.236029 0.437047 0.237398 0.436118 0.237761
1 0.430779 0.247576 0.433953 0.249258 0.434838 0.249753 0.436156 0.248566 0.437537 0.247543 0.435551 0.246554 0.433867 0.245747 0.433241 0.245368
1 0.429168 0.247358 0.431931 0.248759 0.435233 0.250375 0.432081 0.253375 0.431045 0.254414 0.427613 0.252699 0.425152 0.251446 0.427138 0.249452
1 0.416618 0.244449 0.417886 0.243167 0.419900 0.241400 0.420870 0.240660 0.424339 0.243167 0.426167 0.244421 0.423555 0.246814 0.421802 0.248381 0.419042 0.246301
1 0.457880 0.251957 0.460860 0.254510 0.456662 0.256963 0.454694 0.255183 0.456429 0.253342
1 0.445399 0.249136 0.447948 0.247617 0.450932 0.245788 0.454763 0.249306 0.449342 0.252813
1 0.537471 0.271382 0.546118 0.273207 0.548191 0.277461 0.552051 0.278411 0.549953 0.284980 0.547310 0.293329 0.545263 0.299503 0.543709 0.299127 0.544979 0.294675 0.545522 0.292241 0.545911 0.289986 0.543450 0.289432 0.542102 0.293429 0.541300 0.295546 0.540729 0.298276 0.533606 0.296179 0.535186 0.292222 0.530056 0.290935 0.531844 0.286424 0.535781 0.275859
1 0.544911 0.277390 0.541802 0.278696 0.540963 0.280999 0.542952 0.282020 0.545937 0.281617 0.546466 0.279456
1 0.485522 0.381508 0.489864 0.385646 0.492461 0.388449 0.494386 0.390672 0.495013 0.391526 0.498415 0.392791 0.500160 0.394091 0.503743 0.398125 0.507726 0.402126 0.515471 0.399731 0.505265 0.388688 0.499176 0.382226 0.493491 0.376107
1 0.430994 0.339776 0.434391 0.339706 0.431116 0.341203 0.428148 0.342792
1 0.485222 0.381932 0.487908 0.384360 0.490192 0.386788 0.491803 0.388668 0.487729 0.390412 0.484148 0.391950 0.481417 0.388908 0.478507 0.386240 0.481552 0.384292
1 0.413483 0.410813 0.419851 0.413088 0.429695 0.416504 0.430862 0.415349 0.431532 0.413964 0.431725 0.412725 0.425443 0.409625 0.418362 0.405786 0.417326 0.406757 0.414864 0.409214
1 0.413707 0.411752 0.422511 0.414629 0.429451 0.416994 0.426392 0.418476 0.420646 0.417137 0.416244 0.416197 0.409790 0.417165 0.411170 0.414886
1 0.522254 0.229732 0.524374 0.230143 0.523597 0.231941 0.526512 0.232584 0.529598 0.233310 0.530483 0.231495 0.532945 0.231990 0.532254 0.233738 0.536291 0.234727 0.537047 0.232947 0.543178 0.234265 0.545380 0.234727 0.546978 0.242576 0.556974 0.242443 0.559694 0.244884 0.564162 0.243582 0.565825 0.244719 0.564961 0.249566 0.564572 0.252271 0.569128 0.252650 0.572237 0.245725 0.574245 0.241191 0.577849 0.241983 0.573985 0.248857 0.578993 0.249929 0.576101 0.259575 0.574741 0.259262 0.575950 0.255255 0.573360 0.254678 0.571525 0.254233 0.571093 0.254678 0.569602 0.258141 0.562652 0.256607 0.564378 0.253261 0.554166 0.250028 0.550152 0.248743 0.549741 0.249566 0.542207 0.247802 0.531024 0.245132 0.529211 0.249452 0.514876 0.246549 0.515415 0.245461 0.516580 0.243714 0.511550 0.242213 0.517357 0.235469
1 0.578387 0.242108 0.581153 0.242725 0.579226 0.249540 0.576334 0.248899 0.574687 0.248471 0.577298 0.244103
1 0.566330 0.244910 0.571429 0.245978 0.569283 0.250845 0.568817 0.252270 0.565119 0.251914 0.565927 0.247831
1 0.570061 0.258229 0.570931 0.256496 0.571646 0.254691 0.574072 0.255262 0.575315 0.255428 0.574538 0.257826 0.574040 0.259037
1 0.437257 0.334943 0.443693 0.335041 0.449085 0.335150 0.454241 0.334267 0.459398 0.332150 0.466359 0.328703 0.472999 0.323829 0.476352 0.320284 0.478607 0.318611 0.483378 0.316592 0.480219 0.312062 0.485769 0.293818 0.488759 0.284129 0.485892 0.283408 0.483378 0.286461 0.480348 0.286313 0.478930 0.288480 0.477899 0.290251 0.477447 0.291975 0.477383 0.293797 0.477769 0.294879 0.478737 0.296258 0.479445 0.297341 0.478995 0.297538 0.476609 0.297489 0.473837 0.298276 0.465392 0.295667 0.461653 0.300049 0.471580 0.303250 0.467713 0.306301 0.465392 0.308173 0.461138 0.306892 0.459010 0.309600 0.461525 0.310486 0.461782 0.312801 0.458108 0.316543 0.453467 0.321368 0.452307 0.322599 0.450050 0.321662 0.444571 0.327275 0.440187 0.331903
1 0.439225 0.256074 0.446014 0.259151 0.444559 0.261031 0.443328 0.262257 0.439448 0.260347 0.436539 0.258638
1 0.469062 0.275807 0.472418 0.277721 0.475508 0.279226 0.478731 0.275978 0.475777 0.275362 0.473627 0.274816 0.471210 0.274166
1 0.451866 0.262192 0.454552 0.263629 0.458151 0.265638 0.460139 0.266706 0.457506 0.269659 0.453638 0.267773 0.448588 0.265065 0.450039 0.263587
1 0.470807 0.277654 0.475239 0.279875 0.472687 0.282816 0.470405 0.281688 0.468658 0.280731 0.468255 0.280286 0.469150 0.279294
1 0.462427 0.255279 0.475964 0.258110 0.488105 0.260818 0.488105 0.260818 0.484023 0.265495 0.486226 0.266850 0.491543 0.261147 0.481874 0.256017 0.471559 0.250398
1 0.497943 0.335195 0.497607 0.334596 0.503129 0.333115 0.505553 0.332431 0.507866 0.335337
1 0.313574 0.436083 0.319621 0.435692 0.320954 0.436710 0.322799 0.437140 0.324388 0.438236 0.326078 0.439292 0.329153 0.442071 0.331203 0.443245 0.331306 0.444185 0.324285 0.440819 0.318955 0.438510
1 0.309997 0.432441 0.311782 0.433939 0.317263 0.433668 0.324843 0.433179 0.328864 0.432200 0.331071 0.431113 0.331000 0.415430 0.329575 0.418012 0.327298 0.420920 0.325270 0.422959 0.320180 0.425622 0.313668 0.428802
1 0.339398 0.413103 0.344096 0.415523 0.350894 0.419300 0.356054 0.422154 0.355591 0.422806 0.352886 0.424382 0.348508 0.427046 0.343455 0.429167 0.337654 0.431531 0.337654 0.415196 0.338829 0.414082
1 0.287191 0.413375 0.295020 0.420061 0.300465 0.424492 0.308152 0.430797 0.309468 0.431912 0.311070 0.429928 0.313525 0.427943 0.320359 0.424601 0.324807 0.422289 0.327796 0.418892 0.330110 0.415766 0.330892 0.414055 0.330857 0.411337 0.328633 0.409514 0.319967 0.404623 0.315874 0.402394 0.313312 0.400709 0.312316 0.401633 0.310429 0.403318 0.309078 0.403943 0.305838 0.404378 0.298365 0.407912
1 0.339710 0.412443 0.346219 0.416044 0.353291 0.420075 0.356314 0.421759 0.361542 0.415653 0.369485 0.406377 0.376711 0.398080 0.383321 0.390369 0.381527 0.389312 0.377633 0.390604 0.373072 0.392483 0.367486 0.394909 0.361336 0.398510 0.355493 0.402619 0.351958 0.403245 0.348217 0.404498 0.344880 0.406499 0.342836 0.408568
1 0.295395 0.443342 0.298667 0.440721 0.301482 0.438348 0.303936 0.436356 0.305704 0.434731 0.307557 0.432922 0.309514 0.434534 0.306562 0.435740 0.304125 0.436789 0.300727 0.439554 0.295767 0.443605
1 0.270190 0.453163 0.270166 0.452690 0.272316 0.452578 0.275727 0.452615 0.279384 0.451011 0.282499 0.449576 0.286848 0.447708 0.290307 0.446104 0.294113 0.444273 0.294484 0.444461 0.291074 0.447312 0.288478 0.449048 0.285834 0.450634 0.283833 0.451577 0.281609 0.452427 0.279335 0.452936 0.275529 0.453087 0.272168 0.453200
1 0.249070 0.452804 0.255624 0.454639 0.252007 0.455409 0.249010 0.456610 0.246519 0.457742
1 0.273610 0.429697 0.274966 0.430405 0.273867 0.431900 0.271138 0.431847
1 0.286568 0.413813 0.296663 0.422345 0.307835 0.431583 0.305835 0.434204 0.301480 0.437766 0.296612 0.441954 0.294356 0.443637 0.288309 0.446494 0.280930 0.449821 0.276010 0.452130 0.272012 0.452052 0.269707 0.452287 0.269707 0.453187 0.264378 0.453422 0.261148 0.453657 0.256485 0.454478 0.249362 0.452404 0.249156 0.449821 0.249515 0.448607 0.253308 0.445203 0.261763 0.441054 0.263404 0.438315 0.267401 0.434753 0.270937 0.432248 0.274165 0.432248 0.275601 0.430212 0.273960 0.429273 0.279956 0.419801 0.282723 0.417297 0.285439 0.414948
1 0.244954 0.460663 0.248926 0.458868 0.252471 0.457531 0.256314 0.456651 0.259944 0.455999 0.265924 0.455477 0.271945 0.455378 0.278095 0.455216 0.283091 0.454564 0.288131 0.452705 0.289753 0.455119 0.283646 0.455803 0.279888 0.456194 0.276087 0.456651 0.272543 0.456781 0.265368 0.455999 0.259944 0.456618 0.250635 0.458706 0.247047 0.460043 0.244784 0.462391 0.243417 0.465620 0.242776 0.463565
1 0.656682 0.535958 0.663877 0.537602 0.663816 0.550330 0.663877 0.567286 0.663016 0.570384 0.662770 0.570948 0.657789 0.572122 0.654222 0.572686 0.647949 0.573156 0.643892 0.573437 0.640202 0.574236 0.644690 0.569868 0.646227 0.567520 0.647334 0.563669 0.655821 0.537321
1 0.670099 0.537454 0.680246 0.539684 0.686037 0.538158 0.688804 0.536866 0.686190 0.543559 0.691520 0.542542 0.694903 0.541563 0.701974 0.540271 0.705664 0.539019 0.705100 0.537571 0.708586 0.536240 0.717912 0.533578 0.723703 0.532209 0.729289 0.530957 0.733747 0.530487 0.737181 0.527277 0.738564 0.523872 0.736975 0.517297 0.736360 0.511504 0.735745 0.508804 0.708687 0.512639 0.706586 0.508765 0.707457 0.504812 0.671380 0.505163 0.669894 0.507981 0.669791 0.519449 0.669996 0.527669
1 0.672763 0.500937 0.677735 0.500193 0.681476 0.499841 0.686702 0.500350 0.691673 0.500075 0.693211 0.499998 0.696952 0.498784 0.700950 0.496984 0.705100 0.495848 0.708328 0.495262 0.708328 0.495653 0.707509 0.500741
1 0.670004 0.537962 0.680212 0.540213 0.685166 0.538810 0.686660 0.538321 0.687856 0.537733 0.686532 0.540735 0.685635 0.543181 0.685166 0.543997 0.681706 0.544551 0.680980 0.548269 0.679956 0.550813 0.677350 0.556326 0.674660 0.560597 0.670260 0.567838 0.669961 0.548464
1 0.709625 0.495281 0.714857 0.494580 0.718916 0.494063 0.724943 0.493641 0.732507 0.492936 0.734168 0.496412 0.734844 0.500686 0.708463 0.500827 0.709201 0.497962
1 0.708781 0.504970 0.735127 0.504631 0.735644 0.507956 0.725164 0.509253 0.716014 0.510605 0.709298 0.511677 0.707749 0.508520
1 0.627513 0.526965 0.630895 0.531074 0.631560 0.530525 0.632586 0.529351 0.634534 0.530760 0.635199 0.528804 0.636276 0.526612 0.638787 0.524421 0.642989 0.522111 0.645501 0.518940 0.649600 0.516318 0.652264 0.513774 0.653341 0.511660 0.653033 0.508216 0.655083 0.507003 0.658261 0.505790 0.660465 0.505790 0.661130 0.505398 0.661028 0.505007 0.644116 0.505007 0.636429 0.514478 0.631971 0.520036 0.631203 0.523754
1 0.548277 0.390952 0.554771 0.405325 0.587388 0.397434 0.622441 0.388812 0.638086 0.385091 0.646868 0.382781 0.648048 0.382442 0.642513 0.365816 0.641111 0.361195 0.626426 0.362886 0.618530 0.364689 0.604951 0.368860 0.596982 0.372015 0.584362 0.377427 0.579345 0.379737 0.566283 0.384415
1 0.452965 0.335183 0.456399 0.334439 0.460602 0.332247 0.466546 0.329273 0.470646 0.326612 0.473412 0.324537 0.476027 0.321836 0.478332 0.319645 0.481100 0.318313 0.483714 0.317101 0.490735 0.326963 0.497038 0.335222
1 0.566390 0.290748 0.564163 0.290366 0.563101 0.290329 0.560430 0.289743 0.555488 0.285195 0.558152 0.283725 0.558677 0.283080 0.558207 0.278249 0.557935 0.277078 0.557490 0.275758 0.570342 0.278589 0.568488 0.284591 0.566164 0.284138 0.565349 0.283912 0.564435 0.283912 0.563767 0.286855 0.567573 0.287591 0.566808 0.289479
1 0.556021 0.275412 0.554671 0.276632 0.552785 0.277693 0.550293 0.285711 0.548371 0.292153 0.545631 0.299654 0.558194 0.303324 0.561219 0.295930 0.563282 0.291202 0.563033 0.290902 0.562251 0.290603 0.560152 0.290087 0.554741 0.285004 0.556912 0.283835 0.557895 0.283113 0.557873 0.280982 0.557594 0.278438 0.556822 0.275609
1 0.558668 0.303469 0.562334 0.304601 0.563199 0.301612 0.564928 0.296045 0.566041 0.292364 0.563467 0.291939 0.560975 0.297790 0.559534 0.301140
1 0.564843 0.284311 0.565634 0.284387 0.567215 0.284745 0.568302 0.284897 0.567735 0.287086 0.564249 0.286501
1 0.563987 0.290705 0.566387 0.291065 0.566140 0.292141 0.563545 0.291631 0.563743 0.291046
1 0.517316 0.291491 0.519481 0.292193 0.523069 0.291356 0.525026 0.291695 0.525649 0.291378 0.526628 0.290109 0.529890 0.289589 0.534249 0.278332 0.536771 0.271174 0.529504 0.269589 0.527459 0.273712 0.525174 0.273507 0.521526 0.272986 0.518145 0.277674 0.517642 0.282681 0.516871 0.289929 0.518382 0.291084
1 0.494704 0.267773 0.498121 0.269185 0.502499 0.268887 0.504705 0.273562 0.517517 0.277883 0.516628 0.286119 0.516343 0.290087 0.517410 0.290930 0.516520 0.291337 0.504562 0.287913 0.495701 0.285493 0.500791 0.285683 0.502890 0.280003 0.492034 0.276057 0.493637 0.271387
1 0.496116 0.262462 0.528811 0.269468 0.527068 0.273226 0.521227 0.272600 0.517845 0.277492 0.511284 0.275261 0.507850 0.274048 0.505237 0.273109 0.503648 0.269977 0.503085 0.268647 0.502418 0.268294 0.500984 0.268529 0.499036 0.268724 0.498371 0.268647 0.494783 0.267315
1 0.543959 0.290033 0.545346 0.290332 0.544564 0.294137 0.543923 0.297018 0.543354 0.299056 0.541254 0.298350 0.542001 0.295088 0.543175 0.292316
1 0.520438 0.292474 0.533139 0.296067 0.534634 0.292560 0.531859 0.291908 0.529474 0.291229 0.529937 0.290060 0.528407 0.290277 0.527018 0.290413 0.525453 0.292071 0.524065 0.292044 0.522819 0.291718 0.521360 0.292126
1 0.495604 0.262267 0.493451 0.269860 0.491555 0.275887 0.484482 0.273421 0.491196 0.265868 0.494374 0.262032
1 0.484278 0.282189 0.491409 0.284211 0.493972 0.285058 0.500335 0.285287 0.502300 0.280297 0.493032 0.277035 0.484235 0.273839 0.480947 0.277558 0.485815 0.278862
1 0.480478 0.277979 0.484876 0.279188 0.483807 0.282025 0.478341 0.280558 0.479751 0.278796
1 0.546699 0.273453 0.548514 0.277122 0.552072 0.277992 0.552642 0.277122 0.554528 0.276170 0.555489 0.275274
1 0.418724 0.226546 0.430426 0.227557 0.441828 0.231079 0.448789 0.225926 0.450582 0.224393 0.452717 0.218066 0.446782 0.216827 0.449046 0.209683 0.441316 0.207302 0.436703 0.206031 0.433842 0.205052 0.429102 0.212227
1 0.562019 0.306454 0.565914 0.308138 0.569193 0.309312 0.571705 0.310251 0.573294 0.310447 0.577599 0.314283 0.581442 0.313539 0.583902 0.315378 0.584824 0.316239 0.585336 0.316318 0.587848 0.313969 0.591383 0.309194 0.597892 0.306298 0.601274 0.301641 0.609319 0.299918 0.609474 0.298157 0.613061 0.295613 0.616546 0.294753 0.617622 0.289156 0.588667 0.282776 0.571141 0.278823 0.563043 0.305672
1 0.643064 0.216068 0.654065 0.218427 0.655559 0.229543 0.656307 0.234898 0.655559 0.234817 0.653993 0.231093 0.651324 0.227152 0.648122 0.222368 0.645166 0.218646
1 0.583596 0.216275 0.588555 0.218169 0.589396 0.215697 0.589594 0.214998 0.582105 0.213999 0.576124 0.213224 0.569253 0.211375 0.564188 0.213224 0.558355 0.214754 0.552350 0.216395 0.550669 0.221133 0.550348 0.222115 0.549780 0.227513 0.534481 0.227720 0.524078 0.227796 0.522594 0.229325 0.525041 0.229929 0.524201 0.231666 0.529465 0.232779 0.530156 0.230967 0.533567 0.231835 0.532800 0.233496 0.535940 0.234213 0.536680 0.232439 0.545900 0.234534 0.546987 0.239008 0.547456 0.242103 0.557391 0.241952 0.559863 0.244406 0.564336 0.243009 0.566412 0.244462 0.571676 0.245670 0.573777 0.240612 0.581339 0.242424 0.584527 0.231741 0.586776 0.224380 0.586380 0.224210 0.582673 0.226966 0.580968 0.228174 0.578769 0.230004 0.577830 0.230344 0.575112 0.228343 0.573950 0.227381 0.571626 0.226400 0.570316 0.225758 0.567426 0.223624 0.565596 0.221567 0.563397 0.218812 0.565029 0.217830 0.567400 0.215659 0.572170 0.214904 0.576422 0.215358 0.581512 0.215867
1 0.528191 0.331733 0.525988 0.331199 0.524123 0.330765 0.523009 0.331952 0.522361 0.332703 0.522828 0.334009 0.523061 0.335236 0.525471 0.334742 0.527233 0.334366 0.527699 0.333396
1 0.508427 0.245825 0.533297 0.251123 0.562150 0.257266 0.575802 0.260253 0.570489 0.277669 0.529828 0.268933 0.494848 0.261381
1 0.511324 0.242590 0.515862 0.243768 0.514883 0.245648 0.514409 0.246440 0.511443 0.245761 0.509575 0.245376 0.509457 0.244651
1 0.567725 0.216076 0.571909 0.215424 0.576864 0.215881 0.582928 0.216468 0.588523 0.218555 0.586942 0.224067 0.586131 0.223838 0.581646 0.227231 0.579810 0.228438 0.578444 0.229742 0.577932 0.229872 0.575881 0.228372 0.574472 0.227328 0.571184 0.225666 0.569305 0.224393 0.567426 0.222925 0.565247 0.220317 0.564095 0.218881 0.566017 0.217543
1 0.524342 0.227406 0.533372 0.227315 0.545774 0.227198 0.549259 0.227120 0.549874 0.222071 0.551769 0.216083 0.559046 0.214165 0.564222 0.212795 0.569142 0.210916 0.576287 0.212747 0.586570 0.214178 0.589744 0.214635 0.592511 0.205202 0.573088 0.201014 0.551053 0.195965 0.540290 0.208842 0.528913 0.222071
1 0.662786 0.262969 0.662511 0.262930 0.660195 0.266508 0.658667 0.268762 0.658650 0.269051 0.660212 0.269339 0.662134 0.269759 0.662786 0.270008
1 0.668749 0.270217 0.673115 0.271051 0.672888 0.272309 0.672620 0.273300 0.671055 0.275440 0.669923 0.276824 0.669222 0.277295 0.668727 0.277421 0.668707 0.273127
1 0.668703 0.262885 0.674511 0.264093 0.673744 0.268208 0.673251 0.270736 0.668678 0.269831
1 0.668450 0.220754 0.669751 0.221158 0.672326 0.226755 0.674547 0.231601 0.677656 0.237369 0.678354 0.240179 0.678099 0.242360 0.676323 0.253750 0.674571 0.263714 0.668644 0.262474 0.668644 0.236012
1 0.649505 0.173573 0.662451 0.173525 0.662577 0.194122 0.662767 0.205318 0.662642 0.219422 0.656486 0.218210 0.652614 0.192184
1 0.669850 0.173103 0.673594 0.173054 0.674927 0.175526 0.675625 0.180227 0.675688 0.183377 0.674292 0.187061 0.672769 0.191859 0.670230 0.198159 0.669406 0.201552 0.668454 0.206156 0.668517 0.191617 0.668644 0.173927
1 0.669336 0.155456 0.670707 0.157674 0.672346 0.163813 0.673086 0.167165 0.674514 0.169387 0.669967 0.169306 0.669332 0.169145 0.669120 0.168540 0.669279 0.159209
1 0.654519 0.139181 0.649977 0.144063 0.647862 0.146204 0.647174 0.146972 0.646117 0.147254 0.648444 0.162440 0.649448 0.169387 0.662722 0.169428 0.662616 0.155171 0.657962 0.146285
1 0.461247 0.173562 0.473362 0.179903 0.465245 0.192114 0.462477 0.196012 0.453314 0.190845 0.446303 0.187041 0.456389 0.173515
1 0.455699 0.169525 0.454334 0.169491 0.456008 0.161784 0.460812 0.155726 0.467863 0.146235 0.483507 0.154783 0.501972 0.164914 0.510654 0.169659 0.462928 0.169659 0.457551 0.166698
1 0.457943 0.167832 0.461821 0.169717 0.456885 0.169616
1 0.592965 0.143051 0.598561 0.142142 0.602175 0.141704 0.601691 0.146618 0.601118 0.150253 0.600721 0.152980 0.607949 0.152946 0.610681 0.145103 0.612267 0.140493 0.603586 0.138608 0.601824 0.138170 0.600545 0.138103 0.599311 0.138339 0.597725 0.138777 0.596359 0.139550 0.595080 0.140526
1 0.603676 0.129973 0.607204 0.131281 0.610994 0.132661 0.615400 0.133132 0.614784 0.134176 0.613770 0.138282 0.603899 0.136060 0.600990 0.135656 0.599228 0.135622 0.597773 0.135858 0.599359 0.133772 0.602709 0.130137
1 0.616190 0.133446 0.615021 0.136915 0.614598 0.138490 0.631679 0.142287 0.640299 0.144063 0.643843 0.144710 0.645217 0.144670 0.646011 0.144387 0.650189 0.140146 0.651669 0.138531 0.646539 0.137279 0.636015 0.135421 0.623541 0.134255
1 0.592367 0.143684 0.601505 0.142230 0.599981 0.153425 0.608041 0.153425 0.604994 0.162731 0.603028 0.169323 0.570219 0.169419 0.582022 0.155752
1 0.443836 0.624500 0.446346 0.624918 0.446796 0.625459 0.449632 0.625214 0.453694 0.625508 0.459690 0.625263 0.467554 0.624721 0.471743 0.623588 0.477160 0.623046 0.487408 0.620930 0.491663 0.620044 0.497723 0.618025 0.508746 0.617287 0.502107 0.603895 0.508553 0.602517 0.515515 0.601236 0.517384 0.601187 0.525056 0.601975 0.534016 0.603550 0.543493 0.605028 0.546909 0.605667 0.549229 0.605766 0.552260 0.605618 0.555998 0.604781 0.554515 0.601926 0.553227 0.598972 0.552582 0.598283 0.547038 0.597396 0.541881 0.597889 0.534918 0.598283 0.530277 0.598627 0.524670 0.598283 0.513710 0.599316 0.508617 0.600153 0.500752 0.601778 0.483927 0.603206 0.481865 0.603797 0.478770 0.606110 0.475225 0.607489 0.465040 0.610689 0.460463 0.611920 0.454016 0.612659 0.447118 0.614530 0.445378 0.611871 0.438351 0.613742
1 0.493407 0.102480 0.496982 0.102971 0.501500 0.104510 0.498330 0.108528 0.497323 0.108764 0.495931 0.110949 0.493455 0.111481 0.490516 0.112486 0.486725 0.113963 0.479145 0.121466 0.474813 0.125778 0.475818 0.122943 0.480227 0.116090 0.485719 0.109945 0.491831 0.104628
1 0.663075 0.351904 0.661359 0.352588 0.663075 0.357801
1 0.668666 0.359144 0.676370 0.377647 0.690944 0.374032 0.687324 0.365099 0.684354 0.357016 0.680742 0.347587 0.668201 0.352549
1 0.243793 0.399476 0.250761 0.400216 0.251020 0.401742 0.257659 0.402530 0.262687 0.403613 0.264621 0.403859 0.270100 0.406616 0.274678 0.408980 0.284348 0.413312 0.278352 0.412968 0.270809 0.413706 0.265588 0.414150 0.255403 0.416907 0.244251 0.419860 0.241608 0.420746 0.233743 0.421042 0.229552 0.421288 0.227168 0.421977 0.224911 0.422075 0.218980 0.422962 0.216725 0.422962 0.214532 0.423454 0.215435 0.421535 0.218787 0.417202 0.222849 0.414248 0.227747 0.410457 0.228843 0.407601 0.231874 0.404450 0.238965 0.400807
1 0.640252 0.574833 0.641683 0.574389 0.644369 0.573842 0.647816 0.573535 0.652920 0.573261 0.656859 0.572782 0.662679 0.571312 0.661874 0.575825 0.661023 0.579483 0.660575 0.581877 0.660754 0.584509 0.658292 0.589193 0.649697 0.589706 0.642982 0.590459 0.639491 0.591005 0.635595 0.589467 0.632865 0.588886 0.631074 0.588612 0.629910 0.587928 0.629641 0.586321 0.631118 0.583108 0.633043 0.580270 0.636490 0.576954 0.639311 0.575005
1 0.576563 0.569836 0.585368 0.570975 0.591076 0.571887 0.598051 0.573084 0.597753 0.576047 0.597454 0.578497 0.596708 0.580150 0.595812 0.585706 0.592567 0.582971 0.586560 0.578270 0.581599 0.574110
1 0.503265 0.604305 0.506399 0.610425 0.509354 0.616956 0.519828 0.615519 0.526499 0.614869 0.537243 0.613640 0.542122 0.613057 0.546376 0.612476 0.550987 0.610596 0.552284 0.609741 0.555150 0.605672 0.551658 0.606288 0.547629 0.606391 0.539527 0.605126 0.529229 0.603382 0.522336 0.602322 0.519068 0.601980 0.517277 0.601844 0.511144 0.602664
1 0.472640 0.249863 0.477148 0.247609 0.482305 0.245188 0.485851 0.243752 0.491653 0.241824 0.495682 0.240470 0.502128 0.243752 0.504921 0.245270 0.491868 0.260573
