0 0.940978 0.274237 0.963811 0.274061 0.963752 0.281320 0.941091 0.281730
0 0.916498 0.274179 0.939842 0.274179 0.940069 0.281905 0.916612 0.281963
0 0.892756 0.274121 0.915647 0.274121 0.915759 0.281788 0.892756 0.281846
0 0.868828 0.274149 0.891775 0.274091 0.891945 0.281875 0.868886 0.281758
0 0.844718 0.274357 0.867946 0.274187 0.868109 0.281604 0.844799 0.281857
0 0.938214 0.289738 0.963489 0.289005 0.963395 0.295931 0.938262 0.296273
0 0.911014 0.290314 0.937213 0.289813 0.937295 0.296387 0.911196 0.296466
0 0.884787 0.290404 0.909976 0.290234 0.910140 0.296556 0.884868 0.296724
0 0.857632 0.290404 0.883805 0.290318 0.883805 0.296724 0.857714 0.296724
0 0.830724 0.290234 0.856487 0.290234 0.856732 0.296724 0.830969 0.296724
0 0.803858 0.290142 0.829702 0.290226 0.829866 0.296885 0.803939 0.296546
0 0.939354 0.258435 0.962981 0.258141 0.963208 0.265400 0.939581 0.265634
0 0.912205 0.258669 0.938445 0.258317 0.938672 0.265692 0.912484 0.265931
0 0.884663 0.258663 0.911312 0.258452 0.911504 0.266006 0.884799 0.266107
0 0.857654 0.258489 0.883638 0.258489 0.883874 0.266146 0.857795 0.265999
0 0.829118 0.258426 0.856712 0.258426 0.856948 0.265789 0.829307 0.265838
0 0.803134 0.258474 0.828265 0.258426 0.828454 0.265789 0.803322 0.265740
0 0.776229 0.258585 0.802237 0.258482 0.802531 0.265765 0.776327 0.265967
0 0.776425 0.274179 0.798410 0.274482 0.798312 0.281967 0.776131 0.282068
0 0.938997 0.242734 0.962803 0.242296 0.963039 0.248977 0.939138 0.249319
0 0.912018 0.242881 0.938049 0.242539 0.938287 0.249465 0.912159 0.249611
0 0.884186 0.242979 0.911071 0.242833 0.911261 0.249611 0.884330 0.249708
0 0.829040 0.242958 0.856326 0.242857 0.856522 0.249835 0.829069 0.249832
0 0.803032 0.242857 0.828060 0.242857 0.828089 0.249776 0.803032 0.249734
0 0.776327 0.242726 0.801943 0.242827 0.802041 0.249604 0.776327 0.249806
1 0.502197 0.284054 0.506204 0.287427 0.502197 0.294231
0 0.857186 0.242964 0.883264 0.242915 0.883453 0.249695 0.857280 0.249792
1 0.461695 0.220606 0.471684 0.228125 0.486781 0.239660 0.497975 0.247947 0.498022 0.224877 0.497928 0.204086 0.498209 0.182470 0.474317 0.164585 0.466039 0.158188 0.465288 0.159933 0.460724 0.167784 0.458233 0.172436 0.454188 0.179271 0.451929 0.189303 0.453246 0.189835 0.455739 0.185524 0.463028 0.191387 0.468438 0.195798 0.472529 0.198414 0.468768 0.205830 0.464910 0.213633
1 0.455779 0.186799 0.462210 0.191913 0.468476 0.196681 0.471466 0.198543 0.467291 0.206801 0.463114 0.215583 0.460878 0.220213 0.454366 0.215467 0.447875 0.210813 0.445166 0.208953 0.444545 0.208255 0.446803 0.204009 0.454083 0.190692 0.453745 0.190110
1 0.426347 0.196410 0.435827 0.194256 0.442938 0.192685 0.450782 0.191522 0.451459 0.192919 0.449766 0.196176 0.443615 0.207807 0.432158 0.200363
1 0.483517 0.170062 0.491531 0.176227 0.498078 0.181228 0.498416 0.153835 0.493393 0.159884 0.489216 0.164712
1 0.515242 0.112191 0.524500 0.126599 0.533602 0.143934 0.540103 0.154738 0.550426 0.171823 0.555465 0.178773 0.559040 0.183715 0.564079 0.189327 0.566843 0.191253 0.550102 0.217216 0.533765 0.204486 0.541404 0.193598 0.545955 0.187401 0.549775 0.181956 0.542381 0.176765 0.536529 0.172827 0.530352 0.178691 0.525150 0.186311 0.520356 0.194185 0.509222 0.185641 0.502314 0.180198 0.502557 0.153147 0.505075 0.150133 0.507108 0.144521 0.510034 0.132126 0.513772 0.117386
1 0.502348 0.098721 0.503477 0.098865 0.506111 0.100901 0.509450 0.104342 0.512366 0.108269 0.514201 0.110303 0.512931 0.116071 0.510345 0.127122 0.508274 0.135991 0.506206 0.144521 0.504324 0.149368 0.502490 0.152130 0.502301 0.123244 0.502348 0.110013
1 0.520878 0.194547 0.524322 0.197397 0.533070 0.204086 0.536512 0.199200 0.541818 0.191756 0.548590 0.182392 0.542043 0.177797 0.538997 0.175529 0.536681 0.173785 0.533522 0.176982 0.530305 0.179658 0.527031 0.184718
1 0.504331 0.097190 0.514355 0.101586 0.527494 0.107448 0.538195 0.112683 0.548082 0.115266 0.558445 0.118476 0.560815 0.119383 0.557768 0.128596 0.573616 0.134877 0.586349 0.139413 0.593188 0.142134 0.597930 0.143809 0.597320 0.144787 0.593865 0.148485 0.588652 0.156580 0.572261 0.182334 0.567182 0.190359 0.564473 0.187777 0.560002 0.182962 0.552484 0.172283 0.543003 0.156930 0.529187 0.132642 0.519096 0.115335 0.514761 0.108426 0.511306 0.103680 0.505144 0.098237
1 0.503720 0.783695 0.518775 0.779237 0.522698 0.779604 0.533992 0.782421 0.547427 0.784994 0.552776 0.785606 0.556462 0.784381 0.553014 0.791365 0.551943 0.792466 0.549091 0.794304 0.547545 0.795163 0.541125 0.796142 0.532328 0.797612 0.525908 0.798715 0.519369 0.799327 0.511167 0.801165 0.504985 0.786588
1 0.705444 0.634248 0.704411 0.639329 0.702863 0.647423 0.703381 0.650553 0.710833 0.649314 0.721497 0.647599 0.731760 0.646300 0.731129 0.642341 0.730269 0.636374 0.729007 0.631116 0.720809 0.631825 0.711464 0.633184
1 0.661277 0.541875 0.672473 0.537895 0.687137 0.532790 0.685253 0.537996 0.682974 0.542590 0.683174 0.550553 0.682974 0.553310 0.681192 0.563620 0.680201 0.571176 0.679211 0.579037 0.678813 0.584652 0.678120 0.589246 0.672771 0.589757 0.669606 0.590370 0.665538 0.568420
1 0.631161 0.551982 0.648498 0.546062 0.659891 0.542079 0.663854 0.566071 0.667024 0.583835 0.668610 0.590776 0.650083 0.594145 0.640573 0.595473 0.635620 0.572197
1 0.623469 0.543429 0.626289 0.542012 0.630005 0.540948 0.632275 0.540595 0.633101 0.541941 0.633858 0.544280 0.629936 0.545557 0.627460 0.546832 0.625052 0.547046
1 0.642909 0.447629 0.645378 0.458179 0.648111 0.470514 0.649423 0.477150 0.662715 0.472896 0.670971 0.470090 0.664696 0.447033 0.661815 0.436825 0.652560 0.443205
1 0.662947 0.435752 0.669138 0.432435 0.676404 0.428607 0.677559 0.431754 0.681522 0.446047 0.684411 0.457191 0.686393 0.465103 0.672027 0.469613 0.667403 0.452427
1 0.655680 0.149318 0.661125 0.163556 0.662216 0.166156 0.665426 0.173955 0.668234 0.186834 0.670470 0.193805 0.671502 0.200185 0.671388 0.203968 0.668178 0.215666 0.665253 0.224882 0.663878 0.232975 0.663074 0.237642 0.662960 0.241896 0.663820 0.250464 0.664451 0.253358 0.657685 0.251350 0.655794 0.233270 0.652698 0.208457 0.650347 0.186184 0.647193 0.159951 0.648684 0.159125 0.650978 0.155995
1 0.604542 0.135866 0.608026 0.138121 0.612141 0.140208 0.616287 0.140686 0.615293 0.144207 0.614761 0.147455 0.609918 0.145985 0.604477 0.144344 0.601889 0.143798 0.599434 0.143831 0.601989 0.139693
1 0.558900 0.127930 0.565895 0.130826 0.579140 0.135907 0.587970 0.139215 0.598289 0.143055 0.603219 0.135611 0.598461 0.132597 0.587567 0.126926 0.580172 0.124682 0.573636 0.122792 0.561711 0.119424 0.560278 0.123854
1 0.446041 0.315303 0.449280 0.311180 0.454124 0.314882 0.457554 0.317631 0.455349 0.321165 0.454914 0.321866 0.449606 0.317743
1 0.443019 0.293568 0.445279 0.296204 0.446884 0.298418 0.449770 0.295952 0.452464 0.293848 0.449633 0.290370 0.448708 0.289192 0.445796 0.291240
1 0.558871 0.662530 0.562822 0.659880 0.565988 0.657651 0.567806 0.662724
1 0.470169 0.436238 0.472874 0.434540 0.479537 0.431107 0.482713 0.436316 0.485926 0.442537 0.487808 0.446333 0.488532 0.448616 0.485260 0.452270 0.482018 0.455797 0.477813 0.449121 0.472560 0.440034
1 0.355489 0.796378 0.364466 0.795449 0.376411 0.794316 0.373440 0.796702 0.368267 0.799448 0.362856 0.801926 0.359448 0.803728 0.357489 0.804658 0.356235 0.799770
1 0.505086 0.360980 0.506921 0.361657 0.503863 0.364710 0.501698 0.367474 0.501793 0.349686 0.511858 0.353515 0.526674 0.359525 0.530671 0.361124 0.529167 0.366844 0.524322 0.364856 0.520646 0.364549 0.519779 0.365146 0.518799 0.365856 0.516984 0.364323 0.514266 0.364482 0.511247 0.364518 0.512987 0.361367 0.511152 0.359768 0.513081 0.354678 0.504005 0.354533
1 0.484486 0.645363 0.486972 0.645438 0.489566 0.645830 0.492869 0.646260 0.495101 0.646036 0.495313 0.643592 0.494691 0.638708 0.496442 0.637777 0.498528 0.635916 0.498699 0.655690 0.492433 0.657550 0.490403 0.658482 0.487186 0.651619
1 0.476897 0.607696 0.477750 0.610157 0.478841 0.612580 0.477374 0.614899 0.473419 0.617816 0.471270 0.619258 0.469839 0.620838 0.470998 0.616973 0.472736 0.611561 0.473979 0.609929
1 0.534876 0.621092 0.538396 0.621447 0.540241 0.630110 0.541140 0.634355 0.539862 0.634647 0.538490 0.632500 0.536739 0.632549 0.535792 0.632111 0.535177 0.626501
1 0.434036 0.282038 0.436607 0.280092 0.439347 0.277949 0.441880 0.281045 0.444054 0.283441 0.445358 0.285194 0.441804 0.287842 0.439688 0.289402 0.437173 0.285933 0.435152 0.283519
1 0.431101 0.273972 0.432274 0.272891 0.434135 0.271578 0.437206 0.275348 0.434985 0.276997 0.433874 0.277704 0.432535 0.275920
1 0.430067 0.233732 0.443087 0.208661 0.424848 0.196902 0.410610 0.199516 0.406026 0.209566 0.401639 0.220017 0.399298 0.227453 0.397541 0.246146 0.399396 0.253182 0.403295 0.255997 0.408075 0.257704 0.414121 0.246348 0.419681 0.234791 0.410806 0.226148 0.408465 0.223635 0.411780 0.220017 0.419388 0.225847
1 0.443849 0.209678 0.458298 0.219972 0.465861 0.225381 0.482114 0.237943 0.497748 0.249400 0.497975 0.283424 0.493402 0.280516 0.485502 0.284121 0.481325 0.286215 0.477431 0.288426 0.469247 0.294067 0.453048 0.281679 0.433351 0.266907 0.439278 0.269697 0.445825 0.263300 0.448929 0.260161 0.451580 0.249576 0.445542 0.248412 0.447122 0.241316 0.447349 0.239456 0.447574 0.238059 0.447122 0.237651 0.440350 0.235093 0.435440 0.233175 0.432223 0.231604 0.437922 0.220727 0.441760 0.213517
1 0.519017 0.335677 0.535148 0.335314 0.532012 0.347330 0.530739 0.352547 0.527407 0.353050 0.526003 0.355271 0.523716 0.354800 0.520221 0.355978 0.518523 0.355103 0.519078 0.354127 0.517837 0.352681
1 0.367080 0.452973 0.372283 0.460763 0.373745 0.463274 0.382361 0.471146 0.389105 0.477092 0.396338 0.464950 0.384473 0.454899 0.389105 0.449706 0.395282 0.454648 0.390492 0.459985 0.396338 0.464950 0.412025 0.439993 0.417877 0.430445 0.417389 0.429523 0.415193 0.428100 0.407879 0.434549 0.403653 0.437479 0.394794 0.440327 0.393901 0.441668 0.386017 0.446105 0.371551 0.451382
1 0.485520 0.309293 0.481281 0.316326 0.483633 0.317732 0.488053 0.310557 0.487959 0.309491 0.475825 0.300331 0.468253 0.294662 0.463972 0.297715 0.458893 0.301301 0.460539 0.301980 0.472063 0.305372 0.481940 0.308328
1 0.455398 0.297459 0.457489 0.299815 0.458142 0.301094 0.455790 0.302878 0.454222 0.304157 0.453014 0.302777 0.452393 0.302104 0.452655 0.301195 0.454418 0.298603
1 0.414576 0.286864 0.416645 0.284031 0.418686 0.281731 0.421571 0.284592 0.423831 0.287033 0.421544 0.289753 0.419666 0.292306 0.417380 0.289921
1 0.523292 0.266148 0.525349 0.266687 0.524859 0.268942 0.524925 0.269547 0.530804 0.271163 0.531359 0.268773 0.533286 0.269144 0.533776 0.269447 0.533253 0.271803 0.537140 0.273149 0.538120 0.270826 0.543934 0.272509 0.546155 0.273149 0.546708 0.274764 0.547852 0.284121 0.557911 0.284088 0.560655 0.287285 0.565064 0.285501 0.566632 0.286881 0.565326 0.297618 0.569996 0.298156 0.574242 0.284626 0.575059 0.282405 0.578521 0.283448 0.576267 0.289102 0.574602 0.292704 0.579534 0.294824 0.576855 0.307580 0.575876 0.307277 0.575810 0.305696 0.576921 0.301758 0.572250 0.300277 0.570486 0.305359 0.563627 0.303542 0.565293 0.298897 0.556834 0.295161 0.550922 0.292401 0.550432 0.293579 0.537761 0.289405 0.532339 0.287622 0.531555 0.287823 0.530151 0.293444 0.516204 0.289405 0.517739 0.285266 0.512840 0.283280 0.518719 0.273788
1 0.530085 0.430125 0.531522 0.433356 0.534037 0.432885 0.538381 0.431270 0.543934 0.429351 0.549550 0.426995 0.552065 0.426457 0.555756 0.424706 0.557062 0.423865 0.557193 0.423360 0.555266 0.420028 0.551412 0.421980 0.544587 0.423192 0.541844 0.425178 0.539067 0.425985 0.535572 0.427500
1 0.534914 0.443816 0.540134 0.442266 0.547331 0.440036 0.551468 0.438728 0.560827 0.438485 0.568260 0.438194 0.571410 0.437420 0.576585 0.434415 0.578935 0.431846 0.582462 0.424527 0.583733 0.421909 0.584250 0.423025 0.587543 0.434512 0.590129 0.444011 0.585756 0.453315 0.582745 0.461070 0.579359 0.467855 0.575596 0.474157 0.559182 0.482057 0.552457 0.485303 0.548741 0.486999 0.542297 0.467177
1 0.391136 0.426999 0.403598 0.436692 0.409291 0.432330 0.415028 0.427145 0.418273 0.429568 0.420437 0.425884 0.423540 0.420553 0.413194 0.413235 0.410795 0.411588 0.399695 0.420359
1 0.412206 0.641073 0.413522 0.642526 0.416627 0.642672 0.422036 0.640636 0.425752 0.638068 0.427585 0.636662 0.428668 0.635984 0.431065 0.645823 0.432524 0.652220 0.432101 0.655127 0.431584 0.657599 0.428668 0.661477 0.424057 0.662107 0.421472 0.662446 0.420530 0.662300 0.420954 0.656387 0.420813 0.654159 0.420390 0.653141 0.420249 0.651056 0.419684 0.649263 0.418086 0.649409 0.417191 0.648343 0.416345 0.645628 0.415498 0.644660 0.415122 0.644852 0.414745 0.645823 0.414369 0.645726 0.413569 0.643545 0.411971 0.641460
1 0.428449 0.291243 0.432350 0.294447 0.434437 0.291758 0.434981 0.291268 0.432827 0.289678 0.430967 0.288276 0.429537 0.290028
1 0.426841 0.291051 0.429209 0.292622 0.431577 0.294445 0.432747 0.295314 0.431005 0.297474 0.428637 0.300671 0.426024 0.298792 0.424010 0.297334 0.422976 0.296520 0.423575 0.295539 0.425779 0.292593
1 0.434065 0.306440 0.437521 0.309048 0.440733 0.311292 0.443564 0.307281 0.439508 0.304757 0.436835 0.303010 0.435344 0.304953
1 0.468547 0.327779 0.475759 0.330241 0.475367 0.331129 0.468822 0.331414 0.466549 0.329918
1 0.472116 0.322371 0.475328 0.324979 0.474375 0.326494 0.473803 0.326718 0.470319 0.324306 0.470945 0.323325
1 0.433497 0.305965 0.428100 0.302212 0.433508 0.295346 0.433116 0.294538 0.435115 0.291913 0.435939 0.291185 0.432686 0.288884 0.431000 0.287309 0.429118 0.289691 0.428100 0.290903 0.426649 0.290297 0.424103 0.294054 0.422103 0.296679 0.428726 0.301485 0.428100 0.302171 0.423043 0.298455 0.418066 0.294862 0.422769 0.289409 0.424691 0.286986 0.421907 0.284037 0.418732 0.280927 0.415204 0.284886 0.413598 0.287066 0.416420 0.289813 0.419516 0.293246 0.418028 0.294820 0.407287 0.286986 0.399252 0.281210 0.401292 0.278222 0.408621 0.271558 0.413794 0.269093 0.416772 0.269013 0.427276 0.264448 0.428570 0.264733 0.435547 0.269699 0.429980 0.274183 0.433547 0.278706 0.438055 0.275516 0.434017 0.270750 0.435507 0.269699 0.442562 0.275232 0.439271 0.277212 0.433077 0.282018 0.436957 0.286945 0.439467 0.290297 0.446404 0.285168 0.444208 0.282300 0.442326 0.280604 0.439387 0.277010 0.442602 0.275232 0.454007 0.283755 0.442052 0.293609 0.444874 0.296840 0.446716 0.299344 0.451381 0.295507 0.453183 0.294013 0.448479 0.288076 0.453967 0.283633 0.467685 0.294215 0.458946 0.300395 0.455182 0.296397 0.451577 0.302132 0.453566 0.304544 0.442424 0.312902 0.441190 0.311784 0.444326 0.307302 0.444012 0.306696 0.436761 0.302212
1 0.443150 0.313319 0.448401 0.309239 0.453783 0.305161 0.458240 0.302051 0.466705 0.304475 0.480581 0.308594 0.484420 0.309725 0.480501 0.316509 0.483088 0.318326 0.478149 0.326567 0.471918 0.321195 0.469448 0.324263 0.472232 0.326324 0.474230 0.327577 0.475210 0.325961 0.476189 0.324910 0.478189 0.326606 0.476189 0.329716 0.471644 0.328182 0.468626 0.327132 0.466039 0.329677 0.455418 0.322163 0.458436 0.317519 0.453419 0.313682 0.449343 0.310451 0.445502 0.315056
1 0.395433 0.473276 0.405141 0.466717 0.411236 0.462807 0.417106 0.458714 0.421080 0.455828 0.423067 0.454572 0.423518 0.454759 0.426453 0.467786 0.428258 0.475789 0.420853 0.479372 0.415346 0.483558 0.409701 0.487794 0.403876 0.492865 0.400310 0.496260 0.398008 0.498680 0.392272 0.493422 0.389653 0.491049 0.386177 0.488025 0.391956 0.478859
1 0.446217 0.469888 0.451354 0.468345 0.456879 0.467608 0.462927 0.464392 0.468648 0.461645 0.473655 0.457625 0.479116 0.453070 0.481847 0.457091 0.477946 0.463119 0.475605 0.467341 0.471769 0.470223 0.466632 0.472098 0.456944 0.473773 0.447842 0.475783
1 0.547668 0.384576 0.549292 0.383347 0.552435 0.382006 0.555741 0.380052 0.558884 0.378545 0.561375 0.377150 0.562025 0.376926 0.565493 0.379104 0.570152 0.381784 0.573134 0.382788 0.576492 0.386586 0.580503 0.392951 0.583752 0.397528 0.579744 0.400209 0.576113 0.392951 0.572700 0.387590 0.568853 0.389544 0.571129 0.393508 0.573567 0.398255 0.576222 0.396412 0.577360 0.395574 0.579744 0.400264 0.576601 0.401438 0.572103 0.402220 0.566251 0.403614 0.560454 0.404620 0.554874 0.396133
1 0.509523 0.504338 0.518572 0.500262 0.529245 0.495294 0.535856 0.492279 0.539053 0.490826 0.545554 0.489151 0.548209 0.488538 0.553087 0.504562 0.548859 0.505679 0.541112 0.509531 0.536073 0.511653 0.532713 0.504729 0.532279 0.503835 0.530925 0.503444 0.527946 0.504729 0.523990 0.504172 0.519819 0.506126 0.516296 0.504059 0.510011 0.504953
1 0.590851 0.449845 0.593722 0.448113 0.595999 0.454256 0.597137 0.457941 0.598220 0.461012 0.586679 0.467880 0.580719 0.471397 0.587113 0.457550 0.588467 0.454424
1 0.595681 0.424329 0.601913 0.441404 0.597668 0.444708 0.591482 0.448616 0.594056 0.437450 0.594282 0.430516 0.594643 0.427771
1 0.584674 0.421644 0.587293 0.430856 0.589956 0.440301 0.590499 0.442721 0.591355 0.434346 0.592123 0.427552 0.592936 0.424250 0.594562 0.420668 0.592620 0.415084 0.589686 0.416851 0.586344 0.419830
1 0.567643 0.419723 0.569178 0.422234 0.570622 0.423398 0.573195 0.419490 0.575137 0.417117 0.577530 0.415767 0.580330 0.413766 0.582542 0.411859 0.586335 0.409486 0.588594 0.408510 0.592025 0.406647 0.595275 0.404508 0.598211 0.402599 0.600287 0.401017 0.600648 0.400088 0.600559 0.399669 0.598663 0.399716 0.596224 0.401298 0.592520 0.404321 0.586291 0.407719 0.581189 0.410323 0.575634 0.413766
1 0.570002 0.389663 0.572228 0.388629 0.575113 0.392958 0.576336 0.395350 0.573796 0.397094 0.571414 0.392506
1 0.606692 0.685475 0.606953 0.686687 0.608695 0.686148 0.612462 0.686731 0.616055 0.687629 0.619387 0.688078 0.622500 0.687966 0.627813 0.687068 0.629708 0.686350 0.632277 0.684869 0.634803 0.682693 0.634520 0.682109 0.633279 0.681189 0.632495 0.680987 0.630274 0.682984 0.625375 0.684600 0.620301 0.685363 0.616904 0.685138 0.614487 0.684802 0.612027 0.684577 0.608826 0.684847
1 0.577276 0.386012 0.580882 0.384622 0.585616 0.391279 0.588220 0.388758 0.590352 0.384914 0.592671 0.381133 0.596184 0.378484 0.599100 0.373024 0.601891 0.368887 0.608193 0.366948 0.608318 0.364978 0.611359 0.363136 0.613146 0.362231 0.616879 0.362070 0.618383 0.352311 0.631678 0.356350 0.637040 0.358160 0.631490 0.366335 0.628260 0.370277 0.621802 0.376610 0.615498 0.382199 0.610044 0.385914 0.608037 0.387111 0.603709 0.388887 0.600729 0.389145 0.594741 0.391214 0.592359 0.392150 0.584676 0.396804 0.580067 0.390148
1 0.556070 0.419708 0.557567 0.418807 0.558884 0.418070 0.560163 0.420436 0.560613 0.421444 0.558958 0.422335 0.557490 0.422220 0.556814 0.421056
1 0.559550 0.417786 0.561140 0.416821 0.562925 0.415879 0.564362 0.416619 0.565233 0.415767 0.566278 0.414757 0.566975 0.412827 0.568652 0.415744 0.566757 0.417023 0.564014 0.419020 0.561336 0.420883
1 0.567801 0.412061 0.568666 0.414155 0.569494 0.415357 0.573633 0.412371 0.577922 0.409619 0.579390 0.408495 0.583415 0.406285 0.588345 0.403801 0.591580 0.401746 0.596284 0.398025 0.598768 0.396591 0.604186 0.397210 0.606594 0.397636 0.609980 0.395699 0.613894 0.392713 0.616790 0.391163 0.623074 0.388914 0.627552 0.387091 0.631766 0.385888 0.636507 0.377941 0.638351 0.376079 0.645273 0.367511 0.648322 0.361889 0.643544 0.360299 0.640270 0.359291 0.635190 0.366075 0.630938 0.371543 0.624767 0.378212 0.617957 0.384377 0.611147 0.389030 0.606405 0.391200 0.602907 0.392171 0.599256 0.393992 0.595645 0.396318 0.593575 0.395582 0.590339 0.396978 0.588269 0.397909 0.582851 0.402251 0.577884 0.405935 0.571827 0.409192
1 0.533152 0.436724 0.539731 0.434123 0.547632 0.431255 0.552299 0.429587 0.557454 0.430518 0.564114 0.430208 0.568441 0.427608 0.571225 0.424469 0.574611 0.420088 0.576418 0.417760 0.581421 0.414231 0.584545 0.411984 0.588345 0.409966 0.592145 0.407951 0.597075 0.404927 0.601590 0.401786 0.604373 0.400352 0.605353 0.400507 0.606367 0.401515 0.605879 0.403375 0.603433 0.405585 0.597864 0.409813 0.593237 0.413031 0.588233 0.416791 0.583604 0.419699 0.582136 0.421599 0.580519 0.425398 0.578862 0.429005 0.577509 0.431292 0.574498 0.433813 0.571000 0.435481 0.567688 0.436449 0.560690 0.436838 0.552713 0.437147 0.550417 0.437536 0.543194 0.439783 0.534803 0.442459
1 0.533410 0.426335 0.529584 0.427984 0.529960 0.429211 0.534571 0.426885 0.536923 0.425787 0.540873 0.424461 0.543852 0.422427 0.546705 0.422006 0.550310 0.421167 0.551753 0.420746 0.557523 0.417676 0.563230 0.414834 0.563981 0.415512 0.565957 0.414026 0.566113 0.413024 0.567336 0.410989 0.572072 0.407887 0.577777 0.404720 0.582700 0.401230 0.585304 0.398968 0.589129 0.396642 0.593582 0.394476 0.595556 0.395123 0.600637 0.392184 0.606625 0.389921 0.611328 0.387951 0.615750 0.384493 0.621550 0.379936 0.628073 0.373474 0.634281 0.365914 0.639078 0.359031 0.637950 0.358613 0.632557 0.366399 0.630205 0.369630 0.624810 0.375090 0.620421 0.378968 0.616407 0.382554 0.611611 0.386172 0.607659 0.388467 0.603740 0.389856 0.600668 0.390019 0.595807 0.391861 0.592640 0.393087 0.589599 0.395155 0.584614 0.397902 0.581259 0.400454 0.575678 0.403751 0.575081 0.402588 0.570441 0.403685 0.565110 0.404978 0.561473 0.405527 0.559467 0.406077 0.558087 0.406561 0.555641 0.408016 0.553290 0.408985 0.550844 0.409374 0.549871 0.409858 0.548022 0.411473 0.546924 0.413089 0.545231 0.418775 0.544417 0.419938 0.540998 0.422459 0.537423 0.424461
1 0.441009 0.471372 0.444079 0.470381 0.445582 0.470000 0.447149 0.476058 0.443622 0.476597 0.441727 0.476911 0.441161 0.472827
1 0.666068 0.642034 0.664854 0.646500 0.663996 0.652223 0.663228 0.662878 0.710593 0.663065 0.733981 0.663065 0.731951 0.647197 0.719940 0.648594 0.702691 0.651432 0.702285 0.647431 0.704001 0.637706 0.704633 0.634170 0.701292 0.634961 0.697409 0.636077 0.691087 0.639800 0.686708 0.640823 0.682237 0.641150 0.676955 0.640312 0.672802 0.641056
1 0.480131 0.612865 0.482426 0.615582 0.477572 0.623220 0.473772 0.628106 0.484007 0.630395 0.489989 0.629540 0.494391 0.629890 0.498643 0.630161 0.498719 0.604377 0.492698 0.607479 0.489387 0.609108 0.485925 0.610232
1 0.560308 0.733368 0.569557 0.734955 0.576639 0.736060 0.584137 0.744407 0.588946 0.750924 0.588084 0.759809 0.587247 0.769016 0.586881 0.774994 0.581604 0.773594 0.579303 0.773055 0.581760 0.762502 0.583459 0.755473 0.581054 0.752620 0.577423 0.746399 0.577946 0.742119 0.572823 0.738349 0.567075 0.741580 0.563653 0.743356 0.561640 0.744327 0.559603 0.740423 0.559445 0.736518 0.559759 0.734768
1 0.504259 0.694243 0.507605 0.695726 0.509826 0.695941 0.514059 0.695239 0.514685 0.697206 0.516331 0.697233 0.517429 0.697771 0.517456 0.699278 0.518841 0.702483 0.517821 0.703586 0.518109 0.704099 0.523335 0.707384 0.526679 0.709645 0.527541 0.709134 0.526182 0.703291 0.524406 0.698067 0.523936 0.695239 0.524484 0.688482 0.524066 0.688267 0.517456 0.690610 0.511288 0.692629
1 0.492324 0.673242 0.496055 0.672191 0.498407 0.671464 0.498459 0.681642 0.498512 0.690393 0.496552 0.683661 0.495663 0.682208 0.494565 0.682019 0.491998 0.676309
1 0.502179 0.671739 0.506131 0.671126 0.509109 0.672352 0.510582 0.674549 0.508358 0.674873 0.507040 0.674873 0.502306 0.677135
1 0.506131 0.670060 0.510113 0.671739 0.513342 0.676844 0.515819 0.682693 0.521996 0.684050 0.525823 0.684761 0.526199 0.685634 0.528958 0.685019 0.531655 0.684405 0.535355 0.682240 0.535919 0.681659 0.534351 0.672805 0.533410 0.668411 0.508263 0.668476 0.505034 0.668379 0.503716 0.669218 0.503811 0.669865 0.504594 0.670189
1 0.428530 0.632031 0.430967 0.630215 0.432457 0.629239 0.441218 0.637427 0.447088 0.643289 0.448893 0.644733 0.449029 0.646128 0.444288 0.653108 0.438102 0.653805 0.434355 0.658179 0.433224 0.658829 0.431149 0.661668 0.429975 0.661389 0.432548 0.657713 0.433812 0.652223 0.431825 0.642732 0.429568 0.633844
1 0.453359 0.641359 0.454533 0.642708 0.460403 0.647872 0.466001 0.652526 0.462027 0.656481 0.455616 0.650385 0.450468 0.645314
1 0.462705 0.657272 0.465776 0.654015 0.467581 0.652386 0.472863 0.657178 0.475845 0.659551 0.477741 0.664250 0.470336 0.664250
1 0.470154 0.668439 0.478418 0.668530 0.479501 0.669880 0.476928 0.670765 0.472954 0.671090
1 0.473428 0.648895 0.476783 0.653644 0.478695 0.656715 0.477754 0.657749 0.476531 0.659364 0.477692 0.662724 0.478351 0.664048 0.482490 0.664145 0.488792 0.659849 0.489701 0.659106 0.487160 0.653355 0.483649 0.645567 0.478006 0.647182
1 0.501776 0.655793 0.504783 0.654985 0.507891 0.654286 0.513379 0.653074 0.517637 0.652077 0.515077 0.654475 0.510974 0.655174 0.507004 0.655686 0.505331 0.655471 0.501751 0.656709
1 0.502054 0.657296 0.502963 0.660722 0.503622 0.662530 0.518140 0.662564 0.533065 0.662693 0.533128 0.661238 0.533629 0.660593 0.535072 0.657362 0.540717 0.655034 0.547928 0.654938 0.549621 0.650769 0.550969 0.647345 0.551345 0.646053 0.551125 0.645309 0.544792 0.647958 0.543506 0.648508 0.536451 0.648960 0.529334 0.649508 0.523094 0.650899 0.518768 0.651900 0.515663 0.654905 0.506821 0.656423 0.505284 0.656036
1 0.576177 0.611789 0.578434 0.611232 0.579924 0.610720 0.581143 0.610626 0.584665 0.623328 0.586741 0.631099 0.586335 0.631378 0.581956 0.632263 0.578028 0.633240 0.577079 0.632913 0.576086 0.628401 0.577169 0.623656 0.577576 0.618351 0.577079 0.615466
1 0.501760 0.634069 0.504114 0.631285 0.505152 0.629749 0.507500 0.628493 0.510435 0.627004 0.513596 0.624957 0.516801 0.622027 0.520007 0.619282 0.522128 0.617792 0.525426 0.630309 0.528225 0.639241 0.529806 0.644546 0.530844 0.648500 0.528993 0.648594 0.519015 0.650688 0.507138 0.653246 0.501811 0.654736 0.501856 0.638543
1 0.534105 0.620333 0.534555 0.627823 0.535322 0.632895 0.536857 0.633500 0.538213 0.633222 0.539657 0.635361 0.541463 0.634942 0.542548 0.638758 0.544217 0.642898 0.545707 0.646296 0.543631 0.647087 0.538574 0.647597 0.531575 0.648203 0.527195 0.633500 0.524576 0.624660 0.522500 0.616935 0.523673 0.616472 0.526699 0.616006 0.531169 0.615726 0.535097 0.615959 0.537264 0.615959 0.537942 0.619914 0.538077 0.620798
1 0.589947 0.498261 0.594734 0.506171 0.589361 0.507567 0.592341 0.520176 0.595954 0.535019 0.602139 0.560563 0.619612 0.554748 0.629771 0.551350 0.628868 0.547023 0.625797 0.548046 0.624578 0.547908 0.622321 0.543534 0.624805 0.541718 0.627378 0.541253 0.624083 0.524318 0.619748 0.501705 0.617715 0.492306 0.616912 0.489136
1 0.618037 0.488725 0.621192 0.503240 0.624941 0.521945 0.627966 0.536788 0.628733 0.540183 0.632932 0.539764 0.635008 0.544835 0.633700 0.545441 0.629862 0.546326 0.630991 0.550791 0.647336 0.545395 0.659572 0.540927 0.655553 0.518037 0.654927 0.514772 0.646652 0.514828 0.642823 0.515015 0.642098 0.520400 0.641952 0.523485 0.638940 0.523598 0.636182 0.523710 0.635656 0.523018 0.636182 0.519390 0.636400 0.516249 0.639394 0.515295 0.642896 0.515052 0.654927 0.514828 0.651490 0.494819 0.648781 0.478441 0.630403 0.484536
1 0.612740 0.589708 0.611927 0.589764 0.608893 0.588536 0.606454 0.577816 0.602228 0.561904 0.629699 0.552522 0.633439 0.568770 0.636418 0.583231 0.633709 0.585241 0.629753 0.583566 0.628940 0.583399 0.625690 0.584237 0.623740 0.584684 0.621680 0.584963 0.621735 0.585911 0.622384 0.587364 0.623252 0.589093 0.621898 0.589430 0.620758 0.589540 0.620488 0.590043 0.620218 0.589931 0.619947 0.589318 0.617617 0.588257 0.616641 0.585019 0.615612 0.584181 0.614311 0.584069 0.613283 0.583846 0.611386 0.584181 0.610356 0.584907 0.610031 0.585520 0.611062 0.586135 0.611657 0.587530
1 0.525785 0.522494 0.529354 0.526737 0.530483 0.527528 0.537933 0.528970 0.543892 0.529669 0.550936 0.517943 0.554956 0.510918 0.559289 0.527575 0.565295 0.550140 0.570713 0.571079 0.552517 0.577220 0.541365 0.581081 0.536805 0.564099 0.529534 0.536322
1 0.501856 0.565914 0.504023 0.575266 0.508002 0.591773 0.504609 0.592764 0.503210 0.590202 0.501947 0.589037
1 0.501934 0.590122 0.502771 0.590714 0.503999 0.593055 0.501987 0.593622
1 0.378518 0.794991 0.394948 0.793254 0.413486 0.791227 0.424721 0.789635 0.430198 0.789202 0.434271 0.797450 0.439608 0.810329 0.431884 0.811922 0.427389 0.813080 0.420508 0.812356 0.408712 0.815828 0.401408 0.815251 0.392139 0.814527 0.383292 0.816118 0.374163 0.818579 0.369809 0.809605 0.365596 0.801647
1 0.617360 0.141047 0.624691 0.142272 0.637670 0.143906 0.647478 0.146356 0.652778 0.147928 0.647893 0.154820 0.646953 0.155841 0.646418 0.156238 0.645041 0.156258 0.643426 0.155933 0.636997 0.154198 0.626217 0.150941 0.615478 0.147766
1 0.594393 0.153740 0.600728 0.152618 0.603515 0.152070 0.603116 0.156892 0.602254 0.164721 0.602121 0.167251 0.606899 0.167285 0.609154 0.167354 0.613302 0.150497 0.607928 0.148858 0.603415 0.147421 0.601590 0.147285 0.599666 0.147764 0.596712 0.149985
1 0.614121 0.150645 0.631359 0.155912 0.640989 0.158852 0.644674 0.160077 0.646101 0.159955 0.649310 0.185682 0.653116 0.222190 0.655730 0.244486 0.656563 0.250735 0.614954 0.238115 0.595337 0.232113 0.598309 0.219003 0.604491 0.193033 0.609485 0.171961
1 0.552767 0.219129 0.565259 0.223293 0.582259 0.228315 0.594028 0.231990 0.600448 0.204916 0.607463 0.175024 0.609247 0.168164 0.601163 0.168040 0.602945 0.152850 0.593910 0.154688
1 0.472618 0.130273 0.479310 0.121425 0.484346 0.114789 0.491281 0.110959 0.493179 0.110789 0.495409 0.107386 0.495739 0.107386 0.498298 0.103899 0.498547 0.097433 0.493674 0.095647 0.489381 0.102367 0.483850 0.109428 0.478401 0.117341 0.473696 0.126273
1 0.509799 0.288706 0.527830 0.293897 0.550913 0.300942 0.568646 0.306352 0.576474 0.308497 0.574493 0.318807 0.571323 0.332182 0.568151 0.332079 0.552201 0.326874 0.530406 0.320135 0.515445 0.315643 0.502072 0.311457 0.502368 0.299921
1 0.502021 0.594802 0.503894 0.594353 0.503894 0.595206 0.503219 0.596552 0.502762 0.597427 0.501782 0.599132
1 0.511022 0.615815 0.511550 0.620701 0.512301 0.624501 0.515801 0.621786 0.519713 0.618181 0.522310 0.616126 0.524380 0.615273 0.529459 0.614963 0.533259 0.614923 0.537625 0.615273 0.535367 0.613450 0.531228 0.609456 0.528857 0.606819 0.527465 0.605385 0.521707 0.609224 0.515462 0.613100
1 0.501954 0.628106 0.503948 0.627835 0.505491 0.628340 0.508726 0.626943 0.511662 0.625159 0.510495 0.617831 0.510421 0.615310 0.512791 0.612945 0.515349 0.610037 0.517456 0.607672 0.518171 0.601352 0.521972 0.599957 0.527240 0.598444 0.529385 0.605385 0.529835 0.606975 0.534275 0.611472 0.537285 0.614263 0.538376 0.615389 0.543457 0.615776 0.546881 0.615855 0.548536 0.615544 0.545602 0.608990 0.540748 0.607440 0.538978 0.601275 0.538225 0.599181 0.536382 0.597281 0.534088 0.595963 0.531228 0.595226 0.525358 0.594529 0.521896 0.593482 0.521934 0.588441 0.510608 0.592085 0.504702 0.594063 0.503987 0.596468 0.502067 0.599647
1 0.486144 0.640638 0.484970 0.639428 0.482938 0.638543 0.479777 0.639149 0.473455 0.642266 0.468488 0.644824 0.471513 0.647197 0.474946 0.644964 0.479145 0.642685 0.482667 0.641429
1 0.471513 0.648650 0.471874 0.647859 0.476391 0.644974 0.478784 0.643858 0.482577 0.642461 0.486008 0.641623 0.488447 0.640926 0.491381 0.639437 0.494045 0.638740 0.494451 0.643067 0.494496 0.645533 0.492419 0.645533 0.488942 0.645021 0.486008 0.644834 0.483478 0.644880 0.480319 0.645858 0.475041 0.647487
1 0.408753 0.601391 0.411764 0.604299 0.414774 0.606859 0.416355 0.608293 0.414698 0.609650 0.413306 0.608758 0.412252 0.608022 0.410898 0.606432 0.408340 0.604299 0.406910 0.603252 0.407587 0.602051
1 0.561430 0.692051 0.564139 0.698082 0.567391 0.704447 0.570207 0.709918 0.572266 0.713715 0.573838 0.712431 0.577576 0.710309 0.580882 0.708801 0.584132 0.707182 0.586841 0.706010 0.587979 0.705507 0.588630 0.704893 0.590526 0.702268 0.592259 0.699422 0.593615 0.696909 0.594752 0.695178 0.596106 0.693783 0.596540 0.691883 0.595402 0.686468 0.594048 0.679153 0.592368 0.671393 0.591880 0.668657 0.589171 0.668936 0.582940 0.672397 0.575246 0.678987 0.567770 0.684289
1 0.399093 0.552655 0.404150 0.549933 0.407271 0.556163 0.409871 0.560451 0.410782 0.564873 0.413448 0.568424 0.417412 0.573583 0.421965 0.579748 0.419363 0.584237 0.417933 0.586045 0.390820 0.591606 0.391862 0.589798 0.393226 0.588190 0.395827 0.586515 0.402849 0.583633 0.406685 0.581758 0.409546 0.579144 0.410651 0.576933 0.410717 0.574521 0.410002 0.572109 0.405059 0.563467
1 0.403896 0.527356 0.407554 0.526010 0.406587 0.528811 0.409096 0.532446 0.411343 0.535381 0.413119 0.537212 0.414740 0.539123 0.416699 0.542113 0.418294 0.545047 0.419390 0.546286 0.419940 0.549086 0.420357 0.551941 0.420697 0.552532 0.422918 0.555279 0.425689 0.559263 0.427596 0.561904 0.429764 0.564677 0.430706 0.566776 0.431671 0.569226 0.432666 0.572216 0.434703 0.581236 0.434545 0.581236 0.432143 0.574073 0.430626 0.570277 0.429530 0.566885 0.428510 0.566264 0.426264 0.564677 0.424199 0.561096 0.422475 0.558968 0.419966 0.556760 0.419026 0.554336 0.416177 0.552047 0.414086 0.547201 0.411943 0.542786 0.410350 0.539850 0.407712 0.537184 0.405621 0.535112 0.404627 0.533603 0.403923 0.533010 0.403504 0.529699
1 0.471952 0.603369 0.482960 0.600428 0.491519 0.598005 0.486220 0.601430 0.482896 0.603143 0.479040 0.605146 0.476594 0.606374 0.474368 0.608248 0.472863 0.609669 0.471421 0.612610 0.470354 0.615323 0.469225 0.619589 0.469100 0.621786 0.467282 0.622949 0.465244 0.625664 0.464241 0.627764 0.463205 0.629185 0.461825 0.628669 0.460069 0.627764 0.460132 0.626083 0.460947 0.622788 0.461481 0.619136 0.461951 0.616389 0.464177 0.612674 0.465400 0.610735 0.468127 0.607956 0.470103 0.606083 0.471827 0.605080
1 0.467902 0.604568 0.469314 0.604177 0.471257 0.603659 0.471194 0.604888 0.469407 0.605888 0.466460 0.608829 0.464264 0.611187 0.462007 0.615133 0.461161 0.617459 0.460597 0.620785 0.460220 0.623693 0.459750 0.625570 0.459374 0.628119 0.463199 0.630026 0.464767 0.628087 0.465865 0.625761 0.467527 0.623499 0.469281 0.622464 0.469971 0.625793 0.471633 0.628540 0.469062 0.631900 0.465175 0.637199 0.463763 0.639396 0.461256 0.642659 0.463480 0.644759 0.465112 0.646343 0.467872 0.645469 0.470755 0.647764 0.469470 0.649961 0.467338 0.651545 0.466460 0.652126 0.461787 0.648282 0.456739 0.643499 0.453698 0.640724 0.452069 0.638233 0.451441 0.637040 0.451346 0.633902 0.452444 0.628119 0.453573 0.622984 0.456583 0.617844 0.459938 0.613255 0.464516 0.608280
1 0.502216 0.295694 0.507534 0.287212 0.515358 0.274506 0.523658 0.261172 0.531212 0.248955 0.541577 0.232096 0.549572 0.219250 0.558345 0.205916 0.566338 0.193282 0.573520 0.181866 0.585240 0.163444 0.593620 0.150563 0.596353 0.146849 0.598576 0.145161 0.600470 0.144895 0.602874 0.145009 0.608811 0.146849 0.620546 0.150301 0.633009 0.154131 0.643901 0.157175 0.646523 0.157210 0.647946 0.156273 0.650131 0.153418 0.653812 0.148351 0.654870 0.149063 0.651662 0.153156 0.648345 0.157848 0.646890 0.158749 0.645358 0.158863 0.639129 0.157324 0.623388 0.152592 0.605861 0.147300 0.601234 0.146472 0.599013 0.147184 0.597008 0.148762 0.595331 0.150828 0.590013 0.159015 0.578860 0.176586 0.565709 0.197197 0.554888 0.214095 0.541334 0.235985 0.526433 0.259562 0.515444 0.277543 0.502078 0.298665
1 0.476231 0.331036 0.486962 0.313897 0.494816 0.301430 0.498035 0.295952 0.497888 0.299772 0.487011 0.317163 0.478080 0.331040
1 0.256313 0.580860 0.260878 0.578805 0.264132 0.577779 0.268224 0.577076 0.273366 0.576859 0.278875 0.576589 0.284487 0.576481 0.288371 0.575724 0.292306 0.573345 0.295716 0.570696 0.299860 0.566262 0.303954 0.561774 0.307940 0.557395 0.311141 0.553611 0.316021 0.550744 0.318224 0.549826 0.326776 0.549394 0.331865 0.548852 0.335854 0.547068 0.341677 0.543770 0.348026 0.539933 0.352486 0.536472 0.356209 0.533119 0.360145 0.526687 0.367280 0.515170 0.374101 0.503599 0.380869 0.492678 0.385119 0.485380 0.389579 0.478134 0.395981 0.467700 0.401016 0.459374 0.410198 0.444559 0.418436 0.431098 0.425623 0.419258 0.437692 0.399686 0.449129 0.380654 0.460619 0.361515 0.469748 0.346159 0.476411 0.335886 0.478247 0.335886 0.468857 0.350864 0.459202 0.366814 0.449601 0.382708 0.439002 0.400333 0.426411 0.420770 0.414028 0.440937 0.401698 0.461049 0.392045 0.476730 0.380345 0.495653 0.370711 0.511746 0.364279 0.522680 0.359704 0.529951 0.356489 0.534834 0.353388 0.538207 0.344467 0.544084 0.337302 0.547863 0.333765 0.549852 0.325460 0.550458 0.318009 0.551027 0.311624 0.554783 0.304215 0.562981 0.300102 0.567586 0.296262 0.571945 0.294379 0.573966 0.291871 0.575664 0.287835 0.577276 0.285600 0.577681 0.277289 0.578042 0.268984 0.578368 0.262631 0.579497 0.257578 0.581195 0.256324 0.581881
1 0.248331 0.583201 0.249673 0.582210 0.251925 0.580984 0.251925 0.582287 0.249292 0.583852 0.247801 0.585052 0.247926 0.583983
1 0.387933 0.592857 0.388815 0.592728 0.391051 0.589093 0.393159 0.586920 0.395491 0.585654 0.400844 0.583512 0.403836 0.582148 0.405883 0.581305 0.408182 0.579131 0.409441 0.577347 0.409441 0.575851 0.409441 0.573323 0.404749 0.565275 0.399363 0.555864 0.396309 0.550479 0.392814 0.544929 0.391680 0.541846 0.389980 0.535292 0.389193 0.530424 0.388971 0.527730 0.389980 0.523641 0.391145 0.519099 0.391932 0.516275 0.392909 0.514099 0.394986 0.511116 0.400466 0.505892 0.402544 0.503815 0.407520 0.500082 0.414542 0.494469 0.420053 0.490056 0.425375 0.485707 0.428556 0.483336 0.431326 0.481778 0.435641 0.480451 0.440806 0.479119 0.447545 0.477724 0.453747 0.476458 0.461557 0.474804 0.468518 0.473441 0.471729 0.472532 0.474248 0.471462 0.476610 0.469547 0.480042 0.463772 0.483411 0.458902 0.488262 0.452672 0.491756 0.449299 0.495756 0.447416 0.498338 0.446442 0.498274 0.445144 0.494937 0.446086 0.490339 0.448065 0.488481 0.450077 0.484074 0.455335 0.480956 0.460168 0.476799 0.466530 0.474028 0.470163 0.471444 0.471948 0.464172 0.473635 0.456520 0.474966 0.446032 0.477107 0.437594 0.478536 0.433972 0.479639 0.431421 0.480548 0.429343 0.481683 0.424934 0.484766 0.418793 0.489925 0.411205 0.495961 0.402513 0.502549 0.398639 0.506573 0.394703 0.510529 0.392529 0.513160 0.391208 0.516111 0.389160 0.522766 0.388341 0.526401 0.388374 0.531264 0.389193 0.537076 0.390768 0.542397 0.392687 0.546389 0.396656 0.552782 0.399993 0.558818 0.404277 0.565957 0.407930 0.572479 0.408307 0.574102 0.408307 0.576243 0.407520 0.578158 0.404749 0.580591 0.400278 0.582603 0.396750 0.584160 0.394829 0.584712 0.392216 0.586627 0.390610 0.588379
1 0.532304 0.434594 0.545538 0.430090 0.552459 0.427087 0.557376 0.424959 0.561626 0.422019 0.568485 0.417139 0.571461 0.414950 0.575467 0.412261 0.579960 0.409319 0.585848 0.406129 0.588641 0.404878 0.593010 0.401625 0.597806 0.398059 0.600964 0.398184 0.604910 0.398310 0.606792 0.399248 0.607703 0.401187 0.607824 0.402502 0.607095 0.404441 0.604667 0.406193 0.602907 0.408257 0.599385 0.414701 0.595197 0.423083 0.593678 0.427586 0.592950 0.437470 0.591615 0.444353 0.589915 0.449544 0.583237 0.464495 0.579231 0.472504 0.577714 0.473067 0.582205 0.464245 0.587973 0.451171 0.590947 0.444039 0.592343 0.434344 0.593253 0.426210 0.596108 0.419142 0.600053 0.411698 0.602361 0.407756 0.605050 0.405273 0.606846 0.403427 0.607082 0.401118 0.605935 0.399587 0.604613 0.399061 0.602172 0.398992 0.598717 0.398710 0.595161 0.401331 0.591602 0.403809 0.581780 0.409327 0.576565 0.412567 0.571686 0.416058 0.563593 0.421644 0.557764 0.425767 0.553364 0.428175 0.545502 0.431384 0.532765 0.435782 0.532188 0.435432
1 0.502001 0.443446 0.513386 0.440039 0.525349 0.436688 0.530595 0.434957 0.530753 0.436146 0.521519 0.438904 0.508507 0.442420 0.501896 0.444690
2 0.553778 0.260223 0.555248 0.259979 0.556355 0.260428 0.557461 0.261027 0.558006 0.262466 0.557824 0.263682 0.557407 0.264374 0.555901 0.265309 0.554631 0.265327 0.553379 0.264878 0.552290 0.263607 0.551963 0.262616 0.552090 0.261475 0.552907 0.260671
1 0.524925 0.263601 0.523889 0.265589 0.526240 0.266363 0.525489 0.268981 0.530426 0.270387 0.530991 0.267866 0.534754 0.269175 0.534048 0.271501 0.536870 0.272373 0.537717 0.269903 0.546888 0.272908 0.548345 0.283472 0.558458 0.283424 0.560668 0.286331 0.565137 0.284733 0.567158 0.286672 0.572473 0.288465 0.574683 0.281533 0.582021 0.284054 0.587523 0.259093 0.587195 0.259046 0.578775 0.267769 0.576612 0.265492 0.574872 0.263214 0.571956 0.261760 0.568993 0.258803 0.565843 0.254054 0.564667 0.250952 0.568195 0.247220 0.573368 0.245862 0.580563 0.247074 0.583856 0.247608 0.587289 0.249207 0.588512 0.250127 0.589452 0.250224 0.590628 0.246008 0.582680 0.244650 0.576378 0.243439 0.570452 0.240920 0.564760 0.243828 0.559305 0.245669 0.553284 0.247801 0.550933 0.253424 0.551355 0.255653 0.550971 0.261743 0.551443 0.261275 0.552156 0.260101 0.552845 0.259540 0.555128 0.259046 0.557146 0.259675 0.558334 0.261270 0.558694 0.262779 0.558253 0.264546 0.557091 0.265714 0.555652 0.266169 0.553386 0.265742 0.551838 0.264261 0.551341 0.263577 0.551424 0.261331 0.550980 0.261668 0.550524 0.262982 0.550180 0.263355 0.537011 0.263358
1 0.408173 0.605079 0.410220 0.606963 0.412092 0.608960 0.413791 0.610150 0.415206 0.610509 0.416817 0.608669 0.418233 0.609858 0.416556 0.612528 0.416208 0.613291 0.414792 0.613807 0.413007 0.611518 0.410938 0.609297 0.409675 0.607726 0.409153 0.607973 0.408870 0.608691 0.407824 0.609948 0.406148 0.611563 0.403752 0.612887 0.403600 0.611608 0.403644 0.610643 0.404340 0.609521 0.405647 0.607794
1 0.406578 0.603562 0.407674 0.604499 0.404633 0.607990 0.403223 0.610187 0.402940 0.611608 0.403190 0.613934 0.406420 0.612350 0.408458 0.610380 0.409619 0.608829 0.412441 0.612029 0.413319 0.612803 0.414511 0.614710 0.416235 0.614160 0.417520 0.616746 0.418962 0.619136 0.421408 0.622917 0.423854 0.627085 0.426142 0.630671 0.428401 0.634194 0.428683 0.635325 0.425453 0.637489 0.422286 0.639720 0.419871 0.640720 0.417772 0.641496 0.416171 0.641980 0.414353 0.642014 0.413444 0.641625 0.412566 0.640462 0.412127 0.640107 0.411468 0.640138 0.408991 0.637844 0.407142 0.634065 0.406514 0.633257 0.405730 0.632255 0.405291 0.630929 0.405104 0.628313 0.404068 0.626343 0.403348 0.626051 0.403034 0.625632 0.403190 0.625211 0.403065 0.624564 0.402564 0.624274 0.402406 0.623886 0.402845 0.623111 0.403442 0.622044 0.403317 0.621462 0.402720 0.621043 0.402250 0.620654 0.401936 0.620333 0.402030 0.619880 0.402219 0.619428 0.402281 0.618846 0.401811 0.618265 0.401341 0.617812 0.401216 0.617231 0.401686 0.616389 0.401780 0.614839 0.401717 0.614192 0.401530 0.613515 0.401497 0.612966 0.401561 0.612771 0.401905 0.612416 0.401969 0.611803 0.401969 0.611027 0.402030 0.610574 0.402250 0.610348 0.402658 0.610187 0.402909 0.609734 0.402878 0.608635 0.403943 0.607601 0.404288 0.607182 0.404320 0.606664 0.404665 0.606180 0.405511 0.605759 0.405919 0.605307 0.406013 0.604693 0.405950 0.604177
1 0.401216 0.610022 0.399000 0.606718 0.396652 0.602066 0.394124 0.598203 0.391640 0.595692 0.388752 0.593691 0.389474 0.592900 0.398323 0.590946 0.412003 0.588246 0.419681 0.586619 0.427084 0.585129 0.433270 0.584153 0.434760 0.583966 0.435934 0.586526 0.437334 0.590434 0.437696 0.591784 0.437469 0.593179 0.436024 0.596064 0.434535 0.597924 0.429748 0.601182 0.425730 0.604020 0.423021 0.605555 0.420898 0.606997 0.418822 0.609091 0.415616 0.606206 0.410786 0.601741 0.408663 0.599832 0.406812 0.601647 0.405772 0.603229 0.405005 0.604160 0.405050 0.604996 0.404193 0.605415 0.402921 0.607274
1 0.403596 0.572233 0.405493 0.572790 0.406523 0.573293 0.407661 0.574577 0.407607 0.575862 0.406414 0.577926 0.404897 0.579155 0.403056 0.580327 0.400887 0.581333 0.401212 0.580049 0.402079 0.579045 0.403489 0.577034 0.404464 0.575191 0.404518 0.573684
1 0.395963 0.567102 0.398997 0.569000 0.401544 0.571066 0.402410 0.572294 0.403711 0.574248 0.403711 0.575365 0.401815 0.578156 0.400514 0.579832 0.399918 0.581952 0.397046 0.582680 0.394228 0.583796 0.392225 0.584968 0.389136 0.588317 0.386861 0.591556 0.385993 0.593622 0.384584 0.592953 0.387077 0.588429 0.388973 0.584299 0.390220 0.580389 0.390002 0.578547 0.390599 0.575533 0.392007 0.573858 0.393849 0.571344 0.394716 0.568665
1 0.390994 0.564402 0.393137 0.565525 0.395208 0.566573 0.393852 0.568899 0.393326 0.570838 0.391671 0.573203 0.390655 0.574250 0.389751 0.576421 0.389263 0.578902 0.389187 0.580765 0.388510 0.583904 0.386026 0.588867 0.384108 0.592474 0.382415 0.591387 0.383016 0.589448 0.385990 0.582820 0.387607 0.578360 0.389450 0.571924 0.390203 0.568125
1 0.472528 0.629001 0.483743 0.631479 0.488935 0.630782 0.492773 0.630782 0.498456 0.631247 0.498456 0.635123 0.495558 0.637528 0.491343 0.638381 0.488296 0.640088 0.486904 0.640475 0.485097 0.638886 0.483366 0.637878 0.480695 0.638149 0.476668 0.639933 0.471401 0.642685 0.467826 0.644662 0.465382 0.645632 0.464818 0.645322 0.462070 0.642453 0.464892 0.638730 0.469294 0.632913 0.471891 0.629695
1 0.419960 0.585466 0.426516 0.584347 0.432150 0.583399 0.434426 0.583065 0.428955 0.568100 0.426082 0.566371 0.423428 0.562126 0.419581 0.557771 0.418984 0.557102 0.418389 0.554923 0.415300 0.552857 0.412916 0.547274 0.410045 0.540909 0.404139 0.534991 0.402188 0.531920 0.402297 0.525165 0.403217 0.518631 0.407715 0.510927 0.402622 0.504841 0.397962 0.513998 0.395578 0.518130 0.394656 0.523154 0.393898 0.527788 0.395362 0.535772 0.396120 0.540073 0.399370 0.543813 0.404734 0.548839 0.407877 0.554533 0.411020 0.560954 0.411833 0.564136 0.419472 0.574243 0.423048 0.579936
1 0.326442 0.551490 0.330414 0.551025 0.333936 0.550653 0.343644 0.556468 0.348655 0.559213 0.357099 0.563727 0.364458 0.567635 0.371864 0.571589 0.378817 0.575172 0.380533 0.576010 0.381392 0.576801 0.382384 0.578755 0.384506 0.578151 0.386404 0.576288 0.387126 0.575266 0.387893 0.574893 0.387893 0.575497 0.383874 0.586013 0.377509 0.582199 0.372722 0.579454 0.367213 0.578476 0.365271 0.577685 0.361072 0.575638 0.358454 0.571823 0.356242 0.569589 0.352539 0.567588 0.349875 0.566797 0.343734 0.565959 0.339535 0.562657 0.337819 0.561819 0.335788 0.559819 0.332491 0.556189 0.329015 0.553304
1 0.335219 0.549787 0.343996 0.553807 0.354237 0.557827 0.363665 0.559837 0.369300 0.559837 0.371359 0.556821 0.378294 0.559334 0.382520 0.560954 0.387505 0.563132 0.390160 0.564136 0.388479 0.572233 0.388155 0.574187 0.386855 0.574577 0.384796 0.577201 0.383874 0.577648 0.382682 0.577760 0.381816 0.576253 0.379378 0.574856 0.373742 0.571730 0.366427 0.567822 0.357759 0.563355 0.348928 0.558497 0.342479 0.554867 0.334569 0.550402
1 0.538487 0.616436 0.543224 0.617010 0.547614 0.616731 0.550484 0.615950 0.553573 0.613158 0.557095 0.608915 0.565440 0.606905 0.573838 0.605007 0.579365 0.603499 0.581098 0.610032 0.575191 0.611372 0.576222 0.614555 0.576872 0.617625 0.576601 0.622036 0.575950 0.626223 0.575409 0.628736 0.576547 0.633816 0.570316 0.636496 0.566360 0.638340 0.560942 0.639400 0.554656 0.641913 0.554440 0.640572 0.552760 0.641466 0.549726 0.630690 0.547721 0.623431 0.542141 0.622650 0.539432 0.622427 0.538835 0.619132
1 0.627153 0.731023 0.610628 0.724658 0.612849 0.719131 0.615070 0.715501 0.616262 0.712543 0.614529 0.711481 0.613498 0.709918 0.611332 0.709248 0.604613 0.710365 0.598436 0.711258 0.596052 0.711593 0.594264 0.711705 0.594698 0.712431 0.597082 0.714273 0.601849 0.718014 0.605155 0.719634 0.609760 0.721363 0.611657 0.722091 0.610682 0.724658 0.602987 0.721922 0.598220 0.719299 0.593722 0.716617 0.590254 0.715054 0.587383 0.711649 0.584295 0.708298 0.588846 0.706122 0.591555 0.702380 0.594101 0.697857 0.595023 0.696462 0.595836 0.695346 0.598599 0.693392 0.601199 0.690432 0.601903 0.689538 0.602608 0.688981 0.603096 0.688813 0.603963 0.688981 0.605046 0.689482 0.606238 0.689091 0.606942 0.688534 0.607864 0.687584 0.608298 0.687362 0.609272 0.687362 0.612252 0.687640 0.616859 0.688700 0.621789 0.689203 0.626990 0.688310 0.630729 0.687306 0.633221 0.685408 0.635551 0.683508 0.640319 0.686021 0.647904 0.687474 0.653756 0.688869 0.656140 0.689538 0.653865 0.699254 0.650180 0.714553 0.646605 0.729404 0.639073 0.728287 0.635551 0.728343 0.631054 0.727953 0.628886 0.729460
1 0.435529 0.416773 0.442526 0.417210 0.446681 0.417023 0.451014 0.416372 0.455983 0.414000 0.461129 0.410277 0.464878 0.407904 0.467676 0.404880 0.471649 0.399994 0.475848 0.394598 0.481132 0.390782 0.477881 0.384454 0.481673 0.367425 0.485195 0.351745 0.486414 0.345929 0.483569 0.344720 0.482350 0.347231 0.481718 0.348396 0.480860 0.348906 0.478060 0.348906 0.476209 0.353560 0.475487 0.355002 0.475351 0.358631 0.475533 0.360632 0.476525 0.362261 0.477474 0.364074 0.476888 0.364587 0.474495 0.364400 0.471695 0.365563 0.466413 0.363237 0.463342 0.361935 0.460588 0.366447 0.470657 0.371008 0.467269 0.374822 0.463161 0.379289 0.459775 0.377801 0.458962 0.377476 0.457111 0.381103 0.459459 0.382360 0.459866 0.385664 0.455395 0.392597 0.451466 0.398506 0.448848 0.396971 0.446545 0.400785 0.443430 0.405346 0.439456 0.411114 0.436747 0.415069
1 0.502069 0.629151 0.504046 0.629020 0.503321 0.630890 0.501942 0.632704
1 0.580820 0.668852 0.581551 0.671976 0.587745 0.668852
1 0.501775 0.368439 0.505785 0.363805 0.507411 0.362130 0.510660 0.360510 0.512016 0.361460 0.510011 0.365034 0.517109 0.365090 0.518681 0.366765 0.520630 0.365312 0.524152 0.365593 0.529517 0.367769 0.531414 0.361292 0.544905 0.366932 0.558287 0.372459 0.562731 0.374190 0.562297 0.375028 0.561593 0.375976 0.555741 0.379215 0.552274 0.381169 0.547993 0.382956 0.541219 0.387702 0.534881 0.392001 0.532822 0.394514 0.531250 0.400209 0.529408 0.410539 0.524531 0.408975 0.523393 0.411208 0.522580 0.412771 0.523393 0.416288 0.515429 0.417629 0.511040 0.418467 0.508710 0.414669 0.507356 0.412046 0.507031 0.411152 0.501504 0.413106 0.501559 0.390271
1 0.548311 0.655402 0.550606 0.659009 0.551809 0.662693 0.557830 0.662693 0.562608 0.659357 0.565881 0.657225 0.571414 0.654976 0.576380 0.653154 0.578637 0.652844 0.579202 0.657767 0.580218 0.662730 0.589285 0.662730 0.594177 0.658156 0.601551 0.655752 0.600837 0.651447 0.600535 0.644235 0.600310 0.641251 0.596848 0.628416 0.587104 0.632371 0.578374 0.634116 0.570699 0.637489 0.566522 0.639428 0.560728 0.640514 0.554932 0.642801 0.552187 0.644577 0.551433 0.648037 0.549741 0.652610
1 0.398666 0.499202 0.401591 0.501715 0.408581 0.496969 0.416708 0.490436 0.422724 0.485522 0.426625 0.482451 0.430308 0.480219 0.435997 0.478265 0.440929 0.477203 0.440386 0.471844 0.433288 0.474245 0.427438 0.476812 0.424132 0.478543 0.421261 0.479828 0.415030 0.484908 0.409015 0.489488 0.404030 0.493953
1 0.501978 0.458919 0.505449 0.455965 0.503987 0.452838 0.508862 0.448315 0.515797 0.446193 0.517423 0.445858 0.518507 0.446918 0.521379 0.445690 0.527772 0.444295 0.533678 0.443235 0.531619 0.436870 0.517585 0.441113 0.510379 0.442954 0.505504 0.444351 0.501978 0.445849 0.502087 0.453740
1 0.458084 0.543773 0.467777 0.540565 0.480025 0.536303 0.490169 0.532687 0.494850 0.552625 0.498596 0.566776 0.498518 0.589690 0.496021 0.586634 0.494226 0.583016 0.492744 0.579800 0.488764 0.584463 0.486345 0.586554 0.485331 0.587760 0.483927 0.591298 0.479323 0.593710 0.478075 0.595559 0.474721 0.596685 0.472693 0.598775 0.470196 0.602635 0.469494 0.602795 0.471054 0.599660 0.471522 0.597489 0.469650 0.588564 0.465905 0.568626 0.463954 0.558816 0.463096 0.555198
1 0.408792 0.510576 0.412147 0.515320 0.414175 0.512184 0.417452 0.508083 0.423538 0.513229 0.427908 0.516526 0.430951 0.518697 0.429936 0.525129 0.437269 0.528828 0.436801 0.526978 0.437113 0.525531 0.446788 0.519983 0.450299 0.517973 0.454747 0.513953 0.461457 0.510415 0.477451 0.507762 0.482912 0.507038 0.485331 0.506797 0.493056 0.504465 0.498518 0.504626 0.498596 0.494817 0.496645 0.492646 0.494694 0.491200 0.492900 0.490316 0.490793 0.486939 0.490013 0.486457 0.484395 0.489994 0.481742 0.490638 0.479401 0.486939 0.475814 0.481954 0.466997 0.484286 0.457634 0.485411 0.448427 0.485813 0.444838 0.486055 0.436333 0.489190 0.429858 0.491359 0.420729 0.494656 0.416282 0.500043
1 0.403642 0.503983 0.408011 0.509450 0.413629 0.501812 0.419637 0.493932 0.422758 0.492726 0.433370 0.488949 0.443823 0.485251 0.446632 0.484849 0.458882 0.484205 0.465592 0.483642 0.474721 0.481552 0.476982 0.480668 0.485643 0.472547 0.489857 0.468446 0.494070 0.465069 0.498674 0.460245 0.498518 0.447380 0.494226 0.449149 0.490091 0.452205 0.483537 0.460808 0.479713 0.465954 0.477451 0.469893 0.473707 0.473029 0.462627 0.476085 0.451392 0.478014 0.441092 0.480185 0.435396 0.481632 0.431107 0.483723 0.423460 0.488869 0.411054 0.498676
1 0.649991 0.478179 0.653172 0.497003 0.656681 0.517771 0.660844 0.540419 0.687371 0.531440 0.688997 0.527085 0.676643 0.525544 0.667735 0.523936 0.667930 0.519781 0.670076 0.518173 0.671637 0.517504 0.672936 0.517638 0.675342 0.518375 0.676122 0.519112 0.676903 0.520855 0.677099 0.523869 0.676708 0.525544 0.688931 0.527085 0.693353 0.515628 0.680348 0.514220 0.676447 0.513283 0.672764 0.512827 0.669643 0.511070 0.672676 0.498676 0.674952 0.490838 0.677942 0.491844 0.680610 0.492178 0.681649 0.496533 0.682299 0.498945 0.683270 0.500561 0.684522 0.501702 0.686391 0.502992 0.687552 0.503684 0.688866 0.504237 0.688737 0.505108 0.686981 0.508392 0.684836 0.513351 0.684315 0.514757 0.693353 0.515628 0.694977 0.508994 0.693743 0.499615 0.693027 0.492378 0.690557 0.483736 0.689711 0.477036 0.688801 0.472212 0.687891 0.466851 0.686200 0.465980 0.658372 0.475226
1 0.436160 0.583641 0.438418 0.583687 0.439682 0.583594 0.442392 0.589549 0.443293 0.591597 0.438779 0.603089 0.428846 0.613280 0.432820 0.615978 0.439321 0.620118 0.444874 0.622818 0.448396 0.624447 0.448396 0.635380 0.449840 0.635985 0.452415 0.640497 0.450022 0.644546 0.449479 0.644220 0.446139 0.641335 0.441533 0.636776 0.437019 0.632448 0.432820 0.628308 0.428078 0.631472 0.426137 0.628865 0.422569 0.622818 0.419183 0.617420 0.417648 0.614908 0.417287 0.614209 0.417287 0.613326 0.417783 0.612302 0.419724 0.609697 0.420853 0.608254 0.424556 0.605649 0.430245 0.602345 0.434896 0.598856 0.437108 0.596436 0.438327 0.594203 0.439006 0.591644 0.437921 0.588480
1 0.408753 0.526412 0.413223 0.525294 0.416248 0.524783 0.420989 0.526644 0.423473 0.527481 0.425504 0.527713 0.429116 0.532367 0.432774 0.536694 0.436070 0.535206 0.439456 0.534134 0.443384 0.534043 0.446139 0.534693 0.449797 0.536135 0.452731 0.537485 0.457157 0.544463 0.459909 0.549955 0.462078 0.555398 0.463522 0.562564 0.466908 0.580570 0.469347 0.592900 0.470069 0.597367 0.470205 0.598669 0.469935 0.599693 0.469076 0.601322 0.465509 0.605509 0.460316 0.611417 0.457924 0.614024 0.455395 0.617979 0.453273 0.621283 0.452099 0.624585 0.451377 0.628168 0.450699 0.631657 0.450383 0.634867 0.448938 0.634495 0.448984 0.623981 0.443700 0.621421 0.439185 0.619048 0.435979 0.617141 0.432007 0.614675 0.430020 0.613326 0.430065 0.612861 0.435032 0.607788 0.439231 0.603601 0.444017 0.591550 0.440223 0.582803 0.438599 0.583082 0.436296 0.582990 0.435032 0.576522 0.433315 0.569869 0.430922 0.564424 0.429162 0.561866 0.427897 0.560516 0.425640 0.557306 0.423157 0.553676 0.421666 0.551722 0.420853 0.546651 0.418686 0.543534 0.416338 0.539764 0.415030 0.537810 0.413899 0.536507 0.412591 0.535065 0.411101 0.533065 0.409655 0.531389 0.408077 0.528785
1 0.400074 0.507521 0.394819 0.517739 0.392923 0.527397 0.394928 0.540183 0.397853 0.543813 0.401051 0.546939 0.403921 0.549452 0.398882 0.551797 0.393952 0.545153 0.391513 0.538063 0.389780 0.529742 0.390214 0.526337 0.391568 0.521257 0.392760 0.516567 0.394765 0.512881
1 0.336465 0.549230 0.344105 0.552691 0.351853 0.555539 0.355863 0.557268 0.362310 0.558330 0.365289 0.558665 0.368704 0.558721 0.370762 0.555539 0.377157 0.557883 0.383495 0.560116 0.389238 0.562461 0.395687 0.565533 0.399534 0.568212 0.402513 0.570335 0.404300 0.571339 0.406794 0.572233 0.402838 0.566425 0.399370 0.559559 0.394604 0.551462 0.390214 0.544372 0.388100 0.537672 0.387180 0.531586 0.387017 0.527119 0.389292 0.517794 0.391352 0.513048 0.394983 0.508358 0.398830 0.504506 0.400401 0.502719 0.399913 0.501937 0.392326 0.495125 0.385445 0.489151 0.380895 0.496578 0.372658 0.510202 0.364206 0.524662 0.358409 0.533371 0.355211 0.537392 0.350336 0.541189 0.342317 0.546101
1 0.412684 0.517988 0.416991 0.519931 0.427641 0.525101 0.425984 0.526614 0.425464 0.526857 0.422718 0.526468 0.419831 0.525297 0.416424 0.524028 0.413772 0.524467 0.410933 0.524955 0.408993 0.525395 0.409702 0.523297 0.410933 0.520907
1 0.595297 0.712236 0.600635 0.711591 0.607451 0.710539 0.611426 0.709895 0.613188 0.710481 0.614210 0.711885 0.615687 0.712704 0.611994 0.719493 0.611314 0.721367 0.607507 0.719903 0.603702 0.718381 0.600238 0.716040
1 0.482361 0.367201 0.496538 0.371133 0.498378 0.369377 0.498650 0.391571 0.498309 0.414398 0.495242 0.415662 0.489858 0.405056 0.483656 0.393538 0.482225 0.390166 0.481816 0.390378 0.478612 0.384338 0.480521 0.376191
1 0.579116 0.283706 0.581965 0.284529 0.579975 0.293940 0.575620 0.292281 0.578033 0.286677
1 0.567392 0.287429 0.572232 0.289045 0.569643 0.297472 0.565963 0.296980 0.566643 0.292485
1 0.532428 0.288272 0.550831 0.294381 0.551172 0.293469 0.561054 0.297612 0.564531 0.299159 0.562963 0.303371 0.550354 0.299579 0.530793 0.293680 0.531270 0.291573
1 0.571005 0.305669 0.572520 0.301036 0.576166 0.302304 0.574887 0.306889
1 0.512531 0.283973 0.517019 0.285729 0.515656 0.289125 0.513214 0.288540 0.510374 0.287369
1 0.512847 0.613915 0.520234 0.609319 0.527536 0.604576 0.528844 0.606040 0.528189 0.603609 0.526854 0.599131 0.523899 0.600067 0.518672 0.601765 0.518331 0.606010 0.518017 0.607622 0.517307 0.608704 0.514750 0.611339
1 0.492602 0.580980 0.494402 0.585112 0.497021 0.589117 0.498412 0.590509 0.498412 0.595021 0.481923 0.599405 0.470753 0.602315 0.472185 0.600165 0.473698 0.598267 0.475377 0.596875 0.478813 0.595821 0.479672 0.594218 0.482618 0.592616 0.484582 0.591563 0.485318 0.589286 0.486629 0.587178 0.489942 0.584058
1 0.486393 0.602408 0.487416 0.603697 0.492217 0.602848 0.493099 0.603872 0.493809 0.606040 0.498554 0.603727 0.498866 0.596290 0.492814 0.597724
1 0.477273 0.607182 0.478182 0.609641 0.479232 0.611896 0.479744 0.612072 0.485625 0.609553 0.489773 0.608207 0.493355 0.606449 0.492644 0.604460 0.492105 0.603669 0.487075 0.604518 0.485683 0.602584 0.481336 0.605073
1 0.572310 0.571952 0.582479 0.568558 0.593232 0.564865 0.601234 0.562184 0.605554 0.580802 0.610612 0.600383 0.599614 0.603368 0.581693 0.608074 0.573001 0.574933
1 0.618146 0.447195 0.620724 0.446298 0.622453 0.445664 0.623542 0.448347 0.624016 0.450032 0.621695 0.450714 0.619280 0.451472 0.618452 0.448665
1 0.637186 0.516765 0.639033 0.516150 0.640653 0.515886 0.642045 0.515858 0.641619 0.518902 0.641334 0.522767 0.639118 0.522797 0.636703 0.522973 0.636532 0.521801 0.636903 0.519342
1 0.549100 0.487999 0.561709 0.482352 0.576674 0.475007 0.597414 0.462984 0.606311 0.458493 0.617035 0.453573 0.626815 0.450417 0.635358 0.449203 0.641308 0.448171 0.641840 0.448534 0.645846 0.465535 0.648320 0.477678 0.614914 0.488788 0.581448 0.499899 0.556759 0.508521 0.555582 0.508096 0.551517 0.495529
1 0.528066 0.456124 0.533664 0.453938 0.536610 0.453027 0.542089 0.469907 0.547862 0.487453 0.543504 0.488607 0.540011 0.489342 0.535431 0.477010
1 0.498548 0.104645 0.496427 0.108470 0.495779 0.108349 0.493834 0.111688 0.491773 0.111567 0.488708 0.113205 0.484761 0.115269 0.478634 0.123467 0.473272 0.130813 0.471622 0.134213 0.467616 0.145202 0.465906 0.156556 0.474981 0.163599 0.482522 0.169488 0.489770 0.162870 0.494600 0.157163 0.498253 0.152184 0.498253 0.115696
1 0.594339 0.447700 0.596609 0.453482 0.598842 0.460591 0.607035 0.456552 0.604683 0.448231 0.602606 0.441851 0.598216 0.445202
1 0.522432 0.588371 0.522573 0.592926 0.526240 0.593702 0.531461 0.594527 0.534424 0.595157 0.537011 0.597094 0.538799 0.598839 0.539927 0.601651 0.541385 0.606788 0.545384 0.608242 0.541292 0.598743 0.537670 0.590116 0.535318 0.584252 0.528216 0.586384
1 0.325431 0.551528 0.329608 0.554551 0.333050 0.557751 0.336436 0.561530 0.339993 0.563973 0.343379 0.566589 0.349080 0.567521 0.351394 0.567870 0.353932 0.569265 0.355796 0.569963 0.358786 0.573336 0.360479 0.576012 0.365616 0.578687 0.370299 0.579792 0.372840 0.580432 0.377186 0.582934 0.381248 0.585724 0.383676 0.587004 0.381644 0.590378 0.372275 0.584561 0.358786 0.576245 0.348233 0.569731 0.343547 0.566939 0.334349 0.561414 0.327803 0.557227 0.319223 0.551818 0.322045 0.551702
1 0.301677 0.561561 0.305714 0.556875 0.308576 0.553442 0.310181 0.551221 0.311239 0.549486 0.313475 0.547425 0.314807 0.547586 0.316296 0.549768 0.317236 0.549323 0.316375 0.548274 0.316414 0.547384 0.317942 0.544921 0.319784 0.542659 0.323430 0.539873 0.327583 0.536965 0.331111 0.534138 0.332052 0.533532 0.335148 0.528807 0.337030 0.525050 0.339499 0.520406 0.339969 0.519233 0.334952 0.515155 0.327859 0.509138 0.324839 0.506311 0.320138 0.502997 0.318060 0.504291 0.316923 0.505785 0.314689 0.507119 0.312181 0.507926 0.309751 0.509138 0.300971 0.515316 0.292898 0.520567 0.291604 0.522788 0.286431 0.528725 0.284157 0.533936 0.280904 0.541326 0.281062 0.542780 0.281805 0.545043 0.285451 0.547829 0.294152 0.554736 0.298111 0.557885
1 0.314026 0.548074 0.314807 0.548637 0.315551 0.549768 0.312495 0.551586 0.310769 0.552676 0.308496 0.555462 0.305478 0.558856 0.302304 0.562369 0.302069 0.561965 0.304772 0.558734 0.307988 0.554978 0.310573 0.551666 0.312063 0.549688 0.312847 0.548637
1 0.256101 0.574690 0.258641 0.575755 0.262591 0.577257 0.268282 0.576094 0.272468 0.575853 0.275620 0.575901 0.275572 0.574592 0.278630 0.574011 0.281404 0.574252 0.285402 0.572169 0.292315 0.567855 0.299136 0.563349 0.300405 0.562378 0.298430 0.559809 0.293821 0.556128 0.287378 0.550892 0.284179 0.548323 0.282580 0.547208 0.280604 0.545223 0.279900 0.542507 0.273691 0.549632 0.269505 0.555206 0.267342 0.559132 0.263344 0.562233 0.259534 0.564366 0.256242 0.568631
1 0.276545 0.575673 0.276687 0.575092 0.278427 0.574703 0.281813 0.574849 0.287833 0.571311 0.293290 0.567967 0.300345 0.563218 0.300815 0.563508 0.298322 0.566513 0.295219 0.569761 0.292114 0.572377 0.289151 0.574170 0.285718 0.575479 0.281579 0.575673
1 0.252089 0.574946 0.250960 0.575868 0.248561 0.582167 0.251994 0.579938
1 0.252110 0.569218 0.251163 0.570266 0.250960 0.575151 0.251976 0.574174
1 0.251570 0.583457 0.249064 0.584852 0.246692 0.586875 0.244796 0.590995 0.245609 0.593227 0.247099 0.588341 0.249267 0.585621 0.251570 0.584155
1 0.256716 0.582689 0.260238 0.580944 0.265792 0.579688 0.272021 0.579059 0.280285 0.578571 0.286313 0.578293 0.292272 0.576268 0.294574 0.575221 0.296066 0.578222 0.286110 0.579897 0.279336 0.581085 0.274054 0.580176 0.271617 0.579897 0.266266 0.580595 0.256581 0.583596
1 0.256033 0.575299 0.258478 0.576339 0.261390 0.577246 0.261660 0.577665 0.256175 0.579757
1 0.217126 0.534080 0.218254 0.533962 0.219212 0.529484 0.226551 0.526810 0.230613 0.525589 0.232533 0.531404 0.235638 0.530823 0.241337 0.530823 0.243878 0.530473 0.246473 0.529426 0.252399 0.527158 0.252230 0.501453 0.246360 0.500522 0.241506 0.502382 0.234282 0.507326 0.231236 0.511920 0.229880 0.515759 0.225026 0.521516 0.220964 0.525705 0.217520 0.531288
1 0.256269 0.501215 0.257333 0.501487 0.257670 0.503162 0.264308 0.504768 0.269659 0.506372 0.276567 0.504837 0.282323 0.511049 0.289300 0.518934 0.289773 0.519284 0.289570 0.519772 0.288554 0.519353 0.283814 0.519284 0.272165 0.520888 0.268169 0.522425 0.256180 0.526752 0.256249 0.513072
1 0.219699 0.530473 0.224400 0.528583 0.230045 0.526789 0.230751 0.530280 0.230985 0.531685 0.229668 0.532364 0.227552 0.532218 0.220780 0.533624 0.219274 0.533915
1 0.502196 0.782648 0.514907 0.779243 0.519577 0.777997 0.530813 0.780421 0.541526 0.782844 0.548581 0.784291 0.552827 0.784695 0.556453 0.783214 0.555277 0.778671 0.554232 0.775978 0.547830 0.774295 0.542049 0.775036 0.536398 0.775103 0.526469 0.775439 0.521504 0.775810 0.516703 0.776281 0.512751 0.776887 0.502268 0.779712
1 0.501871 0.784572 0.505627 0.791741 0.510134 0.801030 0.505562 0.800694 0.501740 0.801703
1 0.539543 0.623194 0.543424 0.623598 0.547264 0.623921 0.549301 0.632038 0.551105 0.637895 0.552359 0.642459 0.553889 0.641449 0.553693 0.642459 0.550713 0.644033 0.546558 0.645851 0.543424 0.638016 0.541502 0.632240
1 0.510250 0.505542 0.516035 0.504817 0.519985 0.506803 0.524406 0.504864 0.527746 0.505445 0.531274 0.504041 0.531978 0.504574 0.533578 0.507917 0.535318 0.511990 0.526146 0.516012 0.521067 0.518240 0.517445 0.516350 0.515141 0.514460 0.512366 0.509226
1 0.481889 0.523039 0.486075 0.521683 0.490920 0.520180 0.493224 0.527158 0.494259 0.530116 0.487815 0.532345 0.484852 0.533313 0.483629 0.529921
1 0.417534 0.509258 0.420866 0.512004 0.425451 0.515316 0.428507 0.517861 0.430350 0.518871 0.429212 0.524566 0.421531 0.520647 0.416318 0.518024 0.412713 0.516245 0.415690 0.511479
1 0.428488 0.525467 0.445024 0.533381 0.442315 0.532975 0.438534 0.533499 0.435260 0.534604 0.433059 0.535533 0.431366 0.533904 0.429392 0.531055 0.426344 0.527276
1 0.481129 0.430439 0.483702 0.429114 0.489323 0.427021 0.493725 0.424996 0.498601 0.423601 0.498331 0.443910 0.493929 0.445445 0.489526 0.447190 0.486275 0.440002
1 0.502502 0.421926 0.507244 0.420251 0.511443 0.419484 0.524242 0.417040 0.525462 0.419484 0.526681 0.422554 0.529594 0.431696 0.530203 0.433859 0.511306 0.439374 0.501893 0.442306
1 0.593449 0.414282 0.595097 0.420049 0.596743 0.415832 0.600693 0.409192
1 0.606892 0.398278 0.611125 0.395952 0.614511 0.392928 0.617501 0.391589 0.623034 0.389729 0.627774 0.387577 0.628113 0.389147 0.627944 0.391300 0.624783 0.392636 0.624275 0.394673 0.618236 0.395428 0.613947 0.397407 0.610786 0.399151 0.608416 0.398975
1 0.572364 0.335471 0.623326 0.335469 0.644620 0.335217 0.642426 0.341331 0.640637 0.347027 0.638443 0.348700 0.636411 0.350208 0.635030 0.352973 0.634380 0.356238 0.590737 0.342335 0.571963 0.336558
1 0.668692 0.520122 0.668579 0.523029 0.672925 0.523902 0.676367 0.524600 0.676538 0.522971 0.676199 0.520877 0.675409 0.519306 0.673829 0.518551 0.671965 0.518085 0.670160 0.518783
1 0.675409 0.491857 0.677846 0.492694 0.679946 0.492904 0.681301 0.497928 0.682384 0.500580 0.684553 0.502743 0.688209 0.504697 0.686110 0.508605 0.684077 0.513560 0.680015 0.513282 0.676696 0.512584 0.672700 0.512025 0.670465 0.510699 0.673987 0.497021
1 0.498980 0.529432 0.491341 0.532111 0.496055 0.551206 0.498980 0.564690 0.498574 0.543837
1 0.501960 0.504693 0.506837 0.504488 0.508870 0.504978 0.511103 0.509514 0.514491 0.515307 0.517674 0.517608 0.522009 0.520400 0.507583 0.525077 0.501962 0.527031 0.501825 0.513351
1 0.501989 0.460088 0.507189 0.455733 0.513609 0.451294 0.519461 0.447693 0.523444 0.446101 0.532464 0.471393 0.539129 0.489566 0.532709 0.492414 0.522468 0.497188 0.517267 0.499533 0.510359 0.488728 0.501907 0.476000
1 0.560762 0.693057 0.563867 0.699359 0.567111 0.705415 0.569323 0.710021 0.571628 0.713801 0.564901 0.719860 0.562738 0.722040 0.561704 0.710553 0.561468 0.707549 0.558129 0.700279 0.556906 0.697128 0.558271 0.695481
1 0.436073 0.796260 0.441441 0.810325 0.447697 0.810995 0.451437 0.811414 0.457775 0.812085 0.465821 0.810660 0.470047 0.809572 0.475493 0.808149 0.486140 0.805467 0.489229 0.804379 0.495079 0.802203 0.497681 0.801784 0.497842 0.779172 0.488577 0.780426 0.481588 0.781180 0.474925 0.786372 0.467365 0.790226 0.456231 0.793659 0.445179 0.796926 0.443146 0.793828
1 0.552970 0.668355 0.554250 0.670739 0.558006 0.668411
1 0.525567 0.688033 0.525055 0.694389 0.534943 0.698856 0.542257 0.702625 0.547269 0.704370 0.549234 0.701926 0.555736 0.696133 0.559191 0.693132 0.564270 0.687341 0.567113 0.683362 0.572058 0.679873 0.569552 0.672545 0.568198 0.668218 0.560748 0.668218 0.558919 0.668497 0.554110 0.671917 0.550588 0.674568 0.544899 0.677569 0.543546 0.679035 0.539075 0.681268 0.536095 0.682036 0.534335 0.683781 0.531354 0.685178 0.525665 0.686503
1 0.524598 0.695400 0.535999 0.700518 0.541192 0.703252 0.546440 0.705462 0.544578 0.707264 0.541473 0.710232 0.535039 0.709592 0.528267 0.709243 0.526574 0.702089 0.525331 0.698715
1 0.501972 0.494250 0.507804 0.503313 0.501878 0.503265 0.501972 0.497593
1 0.501962 0.477479 0.508463 0.487320 0.516251 0.499813 0.509140 0.503302 0.505008 0.497160 0.501893 0.492554
1 0.502851 0.694372 0.507031 0.696257 0.508044 0.696593 0.513694 0.695819 0.514184 0.698040 0.516144 0.697872 0.516830 0.698545 0.518104 0.702618 0.516503 0.703728 0.518528 0.705041 0.522578 0.707734 0.526563 0.710290 0.522774 0.713420 0.521566 0.714531 0.513564 0.706926 0.507064 0.700733 0.502361 0.696189 0.502165 0.692823
1 0.502217 0.680711 0.503850 0.684884 0.506169 0.686969 0.507999 0.688383 0.508782 0.689359 0.509599 0.692556 0.505353 0.693499 0.503230 0.693768 0.502152 0.691042
1 0.503067 0.677479 0.505614 0.676099 0.507247 0.675393 0.507705 0.676268 0.509697 0.675696 0.511069 0.675123 0.512147 0.677378 0.514106 0.681215 0.515576 0.685322 0.516687 0.690368 0.513453 0.691378 0.509991 0.692253 0.509174 0.689291 0.508488 0.688080 0.506202 0.685995 0.504406 0.684211 0.502903 0.680542
1 0.515950 0.683639 0.520488 0.684645 0.524310 0.685688 0.524732 0.686855 0.524604 0.687674 0.521566 0.688583 0.517157 0.690064 0.516340 0.686058
1 0.468289 0.651990 0.470719 0.654211 0.473894 0.657038 0.476050 0.658897 0.477891 0.656756 0.475736 0.653525 0.473854 0.650658 0.472600 0.649001 0.470053 0.650778
1 0.491726 0.658882 0.496451 0.657450 0.498514 0.656771 0.498674 0.658010 0.494204 0.659273 0.492731 0.659622
1 0.494157 0.660043 0.498739 0.658571 0.498761 0.660978 0.497037 0.660769
1 0.482272 0.680105 0.484756 0.678317 0.488218 0.675995 0.491484 0.673706 0.491386 0.676702 0.492725 0.679832 0.494457 0.682895 0.495044 0.682861 0.495600 0.683500 0.496286 0.684746 0.497625 0.689155 0.498409 0.692083 0.498409 0.695617 0.493836 0.691174 0.487500 0.685217
1 0.474360 0.672177 0.477091 0.671877 0.478739 0.671344 0.480996 0.675125 0.483253 0.678227 0.482970 0.679147 0.481702 0.679001 0.478645 0.676578 0.475445 0.673283
1 0.484045 0.668226 0.498429 0.667904 0.498586 0.670933 0.492158 0.672549 0.485690 0.677072 0.484359 0.678001 0.483497 0.677838 0.482007 0.675335 0.480871 0.673921 0.479185 0.670972 0.481929 0.669559
1 0.490650 0.659518 0.493302 0.661086 0.498552 0.661960 0.498608 0.664054 0.491836 0.663878 0.484213 0.664061 0.487432 0.661844
1 0.609036 0.589273 0.611350 0.590202 0.613664 0.590436 0.611971 0.586655 0.611125 0.585142 0.612987 0.584678 0.614567 0.584794 0.615979 0.585202 0.617051 0.588807 0.618518 0.589562 0.619817 0.590144 0.620154 0.591133 0.621002 0.591133 0.621170 0.590378 0.622978 0.589796 0.624275 0.589504 0.622807 0.586829 0.622526 0.585550 0.625629 0.585084 0.629410 0.584155 0.633644 0.586015 0.635676 0.584503 0.636296 0.584794 0.638498 0.592006 0.639287 0.595611 0.630145 0.597472 0.615640 0.599916 0.611633 0.600497
1 0.564676 0.543792 0.569530 0.540826 0.572239 0.538732 0.575286 0.537104 0.579011 0.536812 0.582961 0.536754 0.587984 0.535125 0.593854 0.532567 0.598200 0.550481 0.601134 0.560832 0.582510 0.567113 0.571844 0.570662 0.567893 0.555714
1 0.587195 0.498758 0.589171 0.498321 0.591851 0.502926 0.593544 0.505834 0.590958 0.506513 0.588982 0.506610
1 0.555872 0.509583 0.572058 0.504140 0.585874 0.499323 0.587906 0.507420 0.576933 0.511118 0.570568 0.513282 0.566436 0.515516 0.562441 0.518586 0.557293 0.515585
1 0.555044 0.428212 0.559911 0.428684 0.564124 0.428616 0.568305 0.425755 0.570134 0.424207 0.568554 0.422532 0.566999 0.420101 0.560270 0.424981
1 0.533625 0.443895 0.530896 0.444476 0.524547 0.445929 0.527605 0.455333 0.532450 0.453635 0.536541 0.452328
1 0.599118 0.417253 0.601704 0.423513 0.605153 0.432036 0.607505 0.438538 0.603194 0.441730 0.605193 0.447545 0.607819 0.456228 0.618713 0.451705 0.617108 0.446939 0.622987 0.444961 0.624163 0.448029 0.624593 0.449847 0.627062 0.449404 0.625926 0.443345 0.623261 0.427635 0.619419 0.418990 0.613618 0.409662 0.609621 0.401341 0.608915 0.401180 0.608053 0.404046 0.606759 0.406148 0.604525 0.407479 0.601038 0.413377
1 0.598458 0.417782 0.603977 0.431591 0.606563 0.438175 0.602998 0.441043 0.602370 0.440720 0.597471 0.426907 0.595903 0.422908 0.597746 0.418951
1 0.504841 0.355299 0.505500 0.360000 0.507521 0.361212 0.510345 0.359951 0.512038 0.355251
1 0.490383 0.335789 0.493444 0.336531 0.498213 0.339190 0.498049 0.335993
1 0.427567 0.420929 0.431722 0.417981 0.434426 0.416849 0.439285 0.410146 0.443714 0.403684 0.447674 0.397868 0.448810 0.396131 0.451043 0.397625 0.454807 0.392092 0.458452 0.386236 0.458960 0.385428 0.458844 0.382723 0.456296 0.381268 0.457942 0.378360 0.458726 0.376745 0.462998 0.378723 0.466251 0.375170 0.469701 0.371372 0.460176 0.367051 0.450338 0.383328 0.434622 0.409258
1 0.483054 0.344398 0.482076 0.346483 0.481234 0.347994 0.480577 0.348375 0.479245 0.348323 0.477694 0.348289 0.475672 0.353325 0.474780 0.355114 0.474729 0.356329 0.474780 0.359437 0.475066 0.361174 0.476750 0.363831 0.474408 0.363605 0.471864 0.364961 0.469369 0.363641 0.466369 0.362285 0.463723 0.361313 0.469791 0.351432 0.475774 0.341395 0.479633 0.343096
1 0.592651 0.668474 0.602762 0.668427 0.603704 0.672668 0.604173 0.676062 0.603977 0.681111 0.605113 0.683371 0.606289 0.687451 0.605309 0.688016 0.604721 0.688016 0.603116 0.687451 0.601978 0.687734 0.599626 0.690924 0.598372 0.692177 0.597706 0.692420 0.596687 0.693751 0.597275 0.690763 0.596061 0.685957 0.594807 0.680140 0.593435 0.673437
1 0.569007 0.668493 0.571042 0.674849 0.572600 0.679454 0.575037 0.677779 0.581134 0.672823 0.580118 0.668497
1 0.533803 0.662494 0.533803 0.660982 0.535044 0.659353 0.535440 0.657666 0.540350 0.655748 0.544075 0.655516 0.547745 0.655458 0.549831 0.659121 0.551243 0.662552
1 0.590510 0.738837 0.594172 0.739639 0.599006 0.740952 0.598483 0.748255 0.597471 0.752698 0.596295 0.761045 0.595478 0.765353 0.595511 0.768786 0.596393 0.775754 0.592212 0.775181 0.587541 0.774946 0.588325 0.764916 0.589632 0.750342 0.589958 0.742500
1 0.562471 0.744802 0.566625 0.742420 0.569291 0.741128 0.572896 0.739108 0.577247 0.742218 0.576815 0.746782 0.579481 0.751466 0.581323 0.754132 0.582421 0.755264 0.582735 0.755989 0.581833 0.760150 0.579325 0.770006 0.578579 0.772549 0.575444 0.771257 0.573288 0.768551 0.570780 0.763057 0.569252 0.757242 0.566861 0.751546 0.564391 0.748115
1 0.577953 0.736402 0.587242 0.737936 0.589711 0.738502 0.589280 0.741975 0.589084 0.748235 0.589162 0.749972 0.585516 0.745086 0.580423 0.739432
1 0.529178 0.710322 0.527541 0.711565 0.527841 0.714031 0.528848 0.718042 0.530073 0.722670 0.533774 0.726569 0.544714 0.725110 0.548634 0.724830 0.559276 0.724493 0.561590 0.723484 0.560936 0.711285 0.560528 0.708312 0.557804 0.701683 0.556035 0.697165 0.552116 0.700783 0.549476 0.703055 0.547271 0.706113 0.541664 0.711273 0.534928 0.710641
1 0.526759 0.712081 0.522976 0.715866 0.526541 0.719091 0.529481 0.722485 0.527930 0.717184
1 0.408256 0.511724 0.410194 0.514645 0.412125 0.516810 0.409058 0.522371 0.407866 0.525237 0.405935 0.525823 0.403776 0.526526 0.404629 0.518274 0.404912 0.517337
1 0.632961 0.667880 0.645144 0.667782 0.644203 0.669819 0.641662 0.671707 0.639829 0.673405 0.637383 0.676118 0.636160 0.679656 0.635596 0.682564 0.633573 0.680286 0.632444 0.680045 0.631127 0.681257 0.628635 0.677040 0.632397 0.672337
1 0.603798 0.668001 0.632158 0.667709 0.631735 0.672459 0.629147 0.675464 0.627877 0.677016 0.629759 0.680069 0.630700 0.681911 0.629664 0.682493 0.626044 0.683704 0.622564 0.684527 0.619459 0.684770 0.613814 0.683800 0.610147 0.683751 0.606384 0.684478 0.605538 0.681376 0.605302 0.674785
1 0.566667 0.657610 0.568294 0.662577 0.576405 0.662717 0.579726 0.662801 0.578637 0.657584 0.578202 0.653293 0.576324 0.653798 0.570308 0.655929
1 0.534204 0.668437 0.552085 0.668308 0.553693 0.671337 0.550791 0.673719 0.544482 0.677193 0.543148 0.678485 0.540053 0.680181 0.536525 0.681150 0.534917 0.672023
1 0.360677 0.816746 0.366033 0.814895 0.367340 0.811834 0.368646 0.809849 0.370867 0.814929 0.373154 0.819574 0.366719 0.822098 0.362212 0.823646
1 0.357630 0.805353 0.361205 0.803656 0.363604 0.802203 0.364732 0.801718 0.368260 0.808988 0.366473 0.812234 0.365767 0.814271 0.360452 0.816161 0.358570 0.809521
1 0.657055 0.689364 0.665589 0.694250 0.673919 0.698996 0.677982 0.701228 0.694778 0.696414 0.702635 0.693691 0.701484 0.691877 0.703921 0.690202 0.715164 0.685875 0.724105 0.682803 0.730470 0.681617 0.733179 0.677569 0.735008 0.672266 0.734331 0.667380 0.684957 0.667799 0.663217 0.668009 0.660508 0.676243 0.658478 0.683083
1 0.660989 0.626804 0.662352 0.629471 0.663952 0.637177 0.665128 0.641586 0.662399 0.642216 0.661083 0.643332 0.658824 0.643768 0.656050 0.645318 0.653651 0.646773 0.653887 0.651328 0.652852 0.654381 0.649984 0.657822 0.645984 0.661505 0.644763 0.663009 0.632393 0.663057 0.634651 0.659471 0.637472 0.654478 0.641047 0.648566 0.644856 0.641975 0.646879 0.638291 0.654168 0.632281 0.658120 0.628889
1 0.603702 0.659125 0.603092 0.662863 0.622751 0.663057 0.631640 0.663106 0.632816 0.661457 0.638412 0.651425 0.644199 0.641780 0.646126 0.638242 0.649231 0.635529 0.655157 0.630391 0.660659 0.626028 0.659202 0.622926 0.657556 0.619001 0.655110 0.616675 0.652383 0.615802 0.646690 0.610907 0.623128 0.619245 0.597636 0.628162 0.601163 0.641101 0.601869 0.652588
1 0.583244 0.708556 0.587195 0.712919 0.589565 0.715593 0.595547 0.718502 0.599724 0.721002 0.602433 0.722631 0.601586 0.726004 0.600909 0.730133 0.600457 0.733448 0.599385 0.740252 0.589340 0.737636 0.579915 0.735716 0.568966 0.734030 0.560612 0.732169 0.561288 0.730424 0.563152 0.726412 0.566086 0.721352 0.563433 0.722573 0.567329 0.718966 0.574609 0.712743
1 0.656795 0.691062 0.665456 0.695675 0.673406 0.700327 0.677309 0.702410 0.675992 0.708906 0.672842 0.717483 0.665879 0.732945 0.663858 0.737792 0.661695 0.751702 0.661412 0.753833 0.661648 0.756597 0.658779 0.763429 0.649889 0.764108 0.643680 0.765174 0.639496 0.765901 0.635779 0.763721 0.631735 0.762896 0.630417 0.761298 0.629947 0.759746 0.631782 0.754561 0.633616 0.750731 0.636814 0.746855 0.640388 0.743025 0.644903 0.737354 0.646596 0.734254 0.647443 0.730327 0.648855 0.723833 0.654968 0.699116
1 0.612212 0.601702 0.628135 0.598706 0.649470 0.595217 0.667619 0.592006 0.677846 0.590610 0.677576 0.592216 0.678118 0.596264 0.662744 0.602126 0.645879 0.610221 0.616961 0.620202 0.613371 0.607429
1 0.521444 0.518822 0.523607 0.519985 0.524594 0.519792 0.526053 0.521391 0.527746 0.523717 0.530098 0.526189 0.530849 0.526722 0.536447 0.528031 0.543549 0.528856 0.548064 0.521343 0.553473 0.512328 0.554883 0.510002 0.553473 0.505204 0.549098 0.506270 0.540303 0.510681 0.529439 0.515284
1 0.557518 0.516496 0.561985 0.519598 0.565090 0.517369 0.567347 0.515769 0.570074 0.514316 0.573885 0.512861 0.578541 0.511359 0.583244 0.509759 0.587995 0.508063 0.590911 0.519936 0.593827 0.531617 0.590394 0.533072 0.586725 0.534525 0.583667 0.535542 0.580423 0.535834 0.578211 0.535591 0.576048 0.535931 0.574166 0.536464 0.571767 0.538014 0.568481 0.540108 0.564573 0.542909 0.560481 0.528080
1 0.387062 0.594390 0.389490 0.595322 0.393045 0.598287 0.396093 0.602823 0.397786 0.606546 0.398802 0.608233 0.400552 0.610675 0.398576 0.612070 0.395641 0.607010 0.392480 0.601950 0.389320 0.597530
1 0.340651 0.519744 0.346389 0.524299 0.352127 0.529000 0.356077 0.531861 0.354573 0.533508 0.346812 0.539856 0.339145 0.544170 0.334208 0.547077 0.330116 0.547999 0.321744 0.548775 0.318405 0.548871 0.317276 0.547999 0.318029 0.546109 0.320709 0.542766 0.326494 0.538644 0.332373 0.534284 0.335148 0.530357 0.338770 0.523523 0.339993 0.521294
1 0.303636 0.487416 0.314313 0.496189 0.323861 0.504331 0.332609 0.511698 0.340557 0.518143 0.342767 0.512958 0.345119 0.509953 0.347612 0.507676 0.352268 0.504961 0.356077 0.503992 0.362851 0.497642 0.367365 0.494153 0.372491 0.490955 0.376066 0.488676 0.381005 0.486642 0.382181 0.487659 0.382462 0.486786 0.381945 0.486109 0.375079 0.480340 0.354290 0.462214 0.348082 0.456545 0.343849 0.458822 0.339570 0.461924 0.337077 0.463426 0.335289 0.465267 0.331339 0.468272 0.327670 0.472537 0.318733 0.475785 0.314219 0.479177 0.310080 0.484073 0.307823 0.486739 0.304578 0.486642
1 0.341178 0.518517 0.346257 0.522773 0.352827 0.527659 0.356552 0.530800 0.364408 0.518306 0.374431 0.501487 0.381882 0.489344 0.381815 0.488297 0.381002 0.487459 0.378089 0.488575 0.371925 0.492345 0.366982 0.495415 0.362377 0.499323 0.356687 0.504768 0.352285 0.506023 0.348831 0.507979 0.346326 0.509652 0.343616 0.512794
1 0.347781 0.455157 0.350602 0.456030 0.352860 0.456204 0.358109 0.454925 0.365389 0.452541 0.363019 0.449807 0.367309 0.446840 0.372500 0.442479 0.378146 0.437012 0.381927 0.434046 0.385709 0.430439 0.389432 0.427184 0.391352 0.425322 0.398746 0.419914 0.405235 0.414678 0.409695 0.410666 0.394908 0.399675 0.382040 0.390310 0.373009 0.383564 0.371259 0.387461 0.365954 0.394615 0.357093 0.401070 0.352860 0.404211 0.349813 0.407526 0.348008 0.409213 0.344282 0.416133 0.346427 0.418517 0.350094 0.425206 0.352466 0.429334 0.351337 0.434336 0.350377 0.437244 0.349644 0.447306 0.348289 0.451784
1 0.385594 0.454867 0.387627 0.452599 0.388982 0.450621 0.391296 0.452541 0.394173 0.454518 0.391691 0.457309 0.390392 0.459170 0.387910 0.456786
1 0.426324 0.422651 0.438839 0.431612 0.452168 0.441494 0.444041 0.444258 0.431931 0.448614 0.426973 0.451042 0.414783 0.458579 0.402999 0.466619 0.396659 0.470724 0.412508 0.445348
1 0.366558 0.452169 0.375431 0.449252 0.379294 0.447762 0.386208 0.445041 0.393745 0.440834 0.394780 0.439600 0.398590 0.438226 0.402237 0.437047 0.390588 0.427651 0.384057 0.432924 0.382914 0.434495 0.374721 0.441619 0.370149 0.445967 0.364460 0.450230 0.365658 0.451492
1 0.349931 0.456788 0.352773 0.456922 0.356855 0.456215 0.361363 0.454701 0.365707 0.453052 0.367340 0.454533 0.370377 0.459043 0.373513 0.464226 0.380274 0.470486 0.384453 0.473886 0.388666 0.477756 0.388307 0.478867 0.383669 0.486204 0.362179 0.467625
1 0.277458 0.504127 0.283553 0.511107 0.290044 0.518667 0.291343 0.519364 0.292640 0.519364 0.304830 0.511223 0.309628 0.508024 0.312901 0.506571 0.315215 0.505639 0.316345 0.505000 0.317135 0.503663 0.319280 0.501685 0.302292 0.487784 0.297775 0.490170 0.293148 0.490402 0.291287 0.491275 0.289987 0.492728 0.289592 0.495636 0.287674 0.496857 0.285190 0.498661 0.280563 0.500987
1 0.494620 0.348042 0.498213 0.347975 0.498245 0.349658
1 0.489688 0.336114 0.493647 0.337528 0.498351 0.339991 0.498311 0.345525 0.497763 0.347302 0.491766 0.347059 0.483223 0.343384 0.476676 0.340920 0.476480 0.340314 0.479341 0.336114
1 0.468554 0.336737 0.466333 0.340372 0.467574 0.341584 0.470350 0.343637 0.472963 0.339901 0.471330 0.338689
1 0.469439 0.335858 0.475384 0.335656 0.474077 0.338012 0.473522 0.338854 0.471889 0.338046
1 0.487080 0.346111 0.498360 0.350645 0.498303 0.368500 0.496554 0.370361 0.483177 0.366698 0.482784 0.366290 0.483517 0.362509
1 0.549949 0.335544 0.553736 0.335428 0.552784 0.336526
1 0.554241 0.335488 0.557824 0.335372 0.558369 0.340350 0.558550 0.343388 0.558369 0.343833 0.555215 0.346333 0.559185 0.351335 0.561091 0.353532 0.563495 0.354280 0.563812 0.354888 0.562110 0.360613 0.558822 0.371530 0.546460 0.366574 0.548909 0.356827 0.553288 0.337451
1 0.544672 0.335340 0.535925 0.335243 0.531829 0.350849 0.530920 0.353917 0.531649 0.354736 0.533145 0.355206 0.535981 0.356118 0.534391 0.361681 0.545792 0.366257 0.549385 0.351445 0.552762 0.337033 0.548817 0.335684 0.546064 0.335490 0.547509 0.337928 0.547538 0.339136 0.547157 0.340705 0.547157 0.341913 0.544188 0.342498 0.543290 0.342528 0.541795 0.341713 0.540976 0.340735 0.541192 0.339246 0.541903 0.337367 0.543290 0.336217
1 0.545523 0.335864 0.546652 0.337414 0.547124 0.338577 0.546560 0.341243 0.545006 0.341631 0.543644 0.341874 0.541762 0.340662 0.542138 0.338966 0.542702 0.337319
1 0.503195 0.335767 0.516786 0.335767 0.518434 0.336397 0.517492 0.350017 0.517305 0.353166 0.518198 0.354233 0.517492 0.354815 0.506159 0.350161 0.501831 0.348465 0.502442 0.344684 0.503054 0.341922 0.504277 0.339256 0.501972 0.337900 0.501878 0.336348
1 0.521726 0.356559 0.533720 0.361455 0.535271 0.356849 0.533812 0.356027 0.530145 0.354959 0.530521 0.353312 0.527980 0.353650 0.527040 0.354766 0.526570 0.355881 0.524736 0.355686 0.523794 0.355443 0.522009 0.356027
1 0.558552 0.335669 0.559163 0.340759 0.559116 0.343472 0.558741 0.344151 0.557846 0.344976 0.556248 0.346333 0.559163 0.350112 0.561187 0.352876 0.563397 0.353555 0.564478 0.353893 0.563255 0.358886 0.561279 0.365234 0.560528 0.368190 0.559492 0.371874 0.562927 0.373474 0.565654 0.361017 0.569276 0.344200 0.570922 0.337221 0.563961 0.335525
1 0.538207 0.323743 0.546986 0.326449 0.548672 0.331902 0.536168 0.331619
1 0.547774 0.326745 0.564275 0.331793 0.557140 0.331874 0.549301 0.331832 0.548557 0.329813
1 0.519561 0.331694 0.535400 0.331776 0.537556 0.323538 0.530187 0.321356 0.528345 0.326849 0.525955 0.326687 0.523642 0.326365 0.522348 0.326000 0.520780 0.329475
1 0.502047 0.312633 0.510904 0.315258 0.521368 0.318730 0.529325 0.321073 0.527915 0.326042 0.526151 0.325961 0.524192 0.325638 0.522506 0.325234 0.521212 0.326445 0.519566 0.330322 0.518664 0.331655 0.514117 0.329677 0.508436 0.326971 0.506828 0.326122 0.505142 0.322448 0.504241 0.319822 0.503653 0.319297 0.502243 0.319458
1 0.502069 0.320157 0.502898 0.320363 0.503486 0.320202 0.505210 0.324684 0.506071 0.326703 0.510579 0.328764 0.516810 0.331752 0.507757 0.331711 0.501996 0.331631
1 0.589202 0.257156 0.602606 0.261436 0.604056 0.257034 0.612404 0.259862 0.622595 0.262930 0.641172 0.268988 0.650147 0.271896 0.648149 0.266969 0.645680 0.261477 0.643838 0.258083 0.641720 0.254935 0.640544 0.253560 0.639017 0.251905 0.635137 0.250653 0.630864 0.244433 0.608641 0.237324 0.594531 0.233003
1 0.632675 0.244991 0.642223 0.247704 0.644574 0.251387 0.646315 0.255168 0.649467 0.260402 0.653981 0.269514 0.655391 0.272713 0.656520 0.279110 0.658214 0.290015 0.658779 0.295638 0.657556 0.304652 0.653792 0.317689 0.650924 0.331842 0.646173 0.331842 0.652758 0.309837 0.655251 0.292536 0.655251 0.287640 0.654357 0.281728 0.651864 0.273003 0.649372 0.266268 0.645186 0.258270 0.640905 0.251920 0.639541 0.250855 0.635168 0.248915
1 0.525476 0.262883 0.536852 0.262825 0.548421 0.262767 0.550058 0.262651 0.550339 0.261778 0.550735 0.257534 0.550283 0.254974 0.549719 0.254334 0.549889 0.253403 0.552711 0.247356 0.555250 0.246425 0.560668 0.244506 0.565297 0.242936 0.570036 0.240376 0.570488 0.240376 0.574778 0.241947 0.577431 0.242878 0.583074 0.243925 0.588155 0.245030 0.590581 0.245552 0.593346 0.233106 0.592444 0.232350 0.577770 0.227930 0.552484 0.219847 0.551976 0.220136 0.549098 0.224964 0.540575 0.238573 0.530305 0.254974
1 0.652246 0.335338 0.664945 0.335165 0.657665 0.340630 0.653883 0.348657 0.648577 0.360754 0.641014 0.358196 0.644740 0.351797 0.649425 0.341445
1 0.646053 0.335284 0.650575 0.335408 0.648938 0.340002 0.645721 0.346982 0.642731 0.353089 0.640811 0.356578 0.639682 0.357799 0.635957 0.356520 0.636128 0.353437 0.637877 0.350355 0.640699 0.348958 0.642335 0.345643 0.643351 0.342446
1 0.470205 0.294634 0.476010 0.299175 0.485378 0.306096 0.488935 0.308714 0.497964 0.294813 0.498022 0.284228 0.493337 0.281204 0.483685 0.285914 0.478323 0.288940
1 0.498162 0.301017 0.498115 0.311776 0.492190 0.310129
1 0.529232 0.426907 0.533977 0.425009 0.538445 0.422908 0.542796 0.420163 0.544560 0.418224 0.545696 0.414589 0.542248 0.408652 0.538681 0.402431 0.534409 0.396818 0.533821 0.395323 0.533116 0.396898 0.531626 0.404533 0.530254 0.411761 0.529314 0.415638 0.525903 0.416730 0.527158 0.420163
1 0.546794 0.385428 0.550399 0.390477 0.553301 0.395000 0.555572 0.398635 0.559532 0.404895 0.557180 0.406066 0.554319 0.407601 0.550673 0.408489 0.546442 0.401866 0.542012 0.394677 0.539347 0.390194 0.542992 0.387973
1 0.381528 0.374028 0.386102 0.381004 0.391239 0.386588 0.398124 0.391997 0.406422 0.397464 0.410824 0.401070 0.413702 0.403280 0.419516 0.406827 0.423918 0.409619 0.434640 0.391997 0.445195 0.374665 0.452983 0.362046 0.457329 0.364546 0.464665 0.352565 0.469802 0.344364 0.465173 0.340933 0.467545 0.336804 0.465908 0.335931 0.438929 0.336339 0.414887 0.336281 0.410428 0.340759 0.408508 0.343899 0.406365 0.347564 0.404333 0.351344 0.402413 0.354542 0.399987 0.358614 0.397278 0.360301 0.390504 0.361580 0.389828 0.364546 0.385990 0.368908
1 0.424509 0.410696 0.428084 0.413168 0.435469 0.401292 0.443134 0.388691 0.451789 0.374491 0.457104 0.365767 0.453388 0.363586 0.441488 0.383360 0.431377 0.399547
1 0.501664 0.414074 0.506485 0.412049 0.508715 0.416004 0.509791 0.417777 0.509924 0.418613 0.501911 0.420795
1 0.495627 0.416399 0.498276 0.415389 0.498343 0.421818
1 0.424462 0.453975 0.430201 0.450583 0.437679 0.447917 0.445721 0.445009 0.454328 0.441810 0.461007 0.439774 0.465146 0.438369 0.469332 0.436625 0.473658 0.443457 0.479162 0.452279 0.473705 0.456688 0.468815 0.460518 0.465380 0.462263 0.458984 0.465365 0.456304 0.466819 0.450519 0.467788 0.445393 0.469338 0.440265 0.471036 0.435892 0.472683 0.433117 0.473700 0.429260 0.475155 0.428695 0.473022 0.426157 0.462795 0.425073 0.457900
1 0.523371 0.412586 0.523889 0.415929 0.528028 0.414961 0.529156 0.411180 0.524970 0.409871
1 0.427872 0.422120 0.452932 0.440808 0.462978 0.438196 0.468926 0.435582 0.477705 0.430858 0.482678 0.428246 0.494282 0.424125 0.497501 0.422919 0.488822 0.406137 0.481800 0.391765 0.477899 0.394478 0.475460 0.396789 0.471365 0.402317 0.465805 0.408347 0.461027 0.411563 0.456834 0.414779 0.453615 0.416487 0.448543 0.417794 0.441815 0.417996 0.435377 0.417794 0.433333 0.418381
1 0.498599 0.461580 0.492909 0.467590 0.494979 0.471758 0.498599 0.477186
1 0.483994 0.475477 0.487040 0.479385 0.487921 0.481199 0.489006 0.482177 0.491443 0.486434 0.493542 0.489295 0.496387 0.490899 0.498283 0.492715 0.498351 0.478687 0.491653 0.468250 0.488599 0.470800
1 0.476973 0.482012 0.480965 0.487459 0.482185 0.489693 0.484351 0.489065 0.489296 0.485855 0.488416 0.482923 0.486654 0.481666 0.485910 0.479574 0.483404 0.476432
1 0.591005 0.662775 0.590965 0.662249 0.594493 0.659099 0.598882 0.657322 0.601548 0.656634 0.602370 0.659663 0.602292 0.661240 0.601900 0.662855
1 0.582014 0.609035 0.592918 0.606034 0.602602 0.603871 0.610120 0.601707 0.610933 0.601638 0.613032 0.610430 0.615944 0.620759 0.601789 0.625505 0.596507 0.627459 0.587703 0.631088
1 0.535788 0.584009 0.549804 0.579454 0.560434 0.575963 0.570922 0.572377 0.571297 0.572766 0.575859 0.590067 0.579200 0.602571 0.568851 0.604994 0.560856 0.607128 0.556717 0.608194 0.555447 0.608824 0.552626 0.612556 0.551450 0.613768 0.549240 0.615366 0.545948 0.607758 0.540069 0.594235 0.537717 0.588274
1 0.502096 0.528009 0.515235 0.523680 0.523972 0.520681 0.530203 0.543431 0.540227 0.581606 0.509073 0.591309 0.502029 0.561995
1 0.504972 0.453123 0.507815 0.450426 0.509546 0.448878 0.512780 0.447633 0.516699 0.446556 0.517516 0.447700 0.510200 0.452412 0.506084 0.455374
1 0.604747 0.258231 0.621170 0.263349 0.639626 0.269398 0.650236 0.272713 0.651423 0.276610 0.650575 0.276610 0.619704 0.266722 0.603506 0.261778 0.603901 0.260325
1 0.644322 0.248426 0.654752 0.251705 0.656581 0.268874 0.658274 0.279344 0.657325 0.278644 0.656378 0.272713 0.653466 0.265454 0.648724 0.256172
1 0.538648 0.390754 0.541588 0.395295 0.545213 0.401051 0.548087 0.406167 0.550015 0.408893 0.548153 0.409970 0.546683 0.412091 0.545834 0.412831 0.542666 0.407412 0.538975 0.400849 0.537113 0.398628 0.534368 0.394690 0.534892 0.393613
1 0.490967 0.312236 0.492328 0.312769 0.492410 0.313414 0.491648 0.316836 0.490532 0.321801 0.489280 0.327747 0.488626 0.329935 0.481987 0.326793 0.486859 0.318940
1 0.491893 0.318977 0.493979 0.320200 0.495899 0.320898 0.497875 0.320606 0.497988 0.331191 0.491158 0.331133 0.489296 0.330262 0.490820 0.324097
1 0.491722 0.311243 0.497875 0.312988 0.497819 0.319850 0.495955 0.320142 0.494487 0.319619 0.492052 0.318231 0.493246 0.312407 0.491441 0.311767
1 0.481600 0.327450 0.489612 0.331163 0.479227 0.331105 0.480807 0.328777
1 0.398543 0.281926 0.410666 0.290927 0.422110 0.299233 0.435318 0.308794 0.443243 0.314377 0.441346 0.315843 0.437755 0.318775 0.432203 0.314448 0.418318 0.303560 0.402539 0.290718 0.394750 0.285065 0.396443 0.282764
1 0.443894 0.315408 0.457385 0.324940 0.467093 0.331569 0.416523 0.331918 0.419232 0.328837 0.425271 0.325288 0.436841 0.320054 0.438813 0.319129
1 0.380276 0.374663 0.383005 0.379102 0.388695 0.385802 0.395522 0.391832 0.403404 0.397025 0.412101 0.403725 0.419577 0.408499 0.427786 0.413858 0.424373 0.419720 0.406656 0.406739 0.385119 0.390826 0.373660 0.382367 0.376503 0.378850
1 0.376338 0.336746 0.393722 0.336862 0.412686 0.336281 0.408567 0.340294 0.405687 0.344656 0.403148 0.350645 0.400552 0.355007 0.398915 0.357741 0.394850 0.359720 0.388586 0.360241 0.386781 0.356462 0.384580 0.349076 0.381983 0.344598 0.378935 0.338665
1 0.571718 0.337827 0.588449 0.342713 0.609240 0.349413 0.617706 0.351995 0.616081 0.361417 0.612559 0.361627 0.609510 0.363162 0.607207 0.364697 0.607480 0.366372 0.601248 0.368326 0.599759 0.370909 0.598606 0.372794 0.596033 0.376980 0.595153 0.378446 0.592647 0.380469 0.591022 0.382004 0.589056 0.385424 0.587500 0.388566 0.585670 0.390241 0.581404 0.383611 0.577002 0.385286 0.573954 0.381588 0.572600 0.381378 0.569011 0.379632 0.564607 0.377120 0.563253 0.376142 0.566302 0.362464 0.569416 0.348156
1 0.358719 0.322962 0.363798 0.325894 0.369488 0.328824 0.374770 0.332315 0.403486 0.332105 0.413375 0.331756 0.415135 0.332034 0.418048 0.328614 0.425092 0.324288 0.433422 0.320380 0.436266 0.319194 0.413578 0.301187 0.395224 0.286391 0.383439 0.296232 0.373348 0.306980 0.361902 0.319613
1 0.658574 0.321784 0.668176 0.324764 0.667784 0.327431 0.664845 0.331832 0.651833 0.331913 0.656654 0.312124 0.659084 0.303764 0.660220 0.294475 0.659554 0.286961 0.658026 0.272584 0.655712 0.251864 0.664649 0.254329 0.669822 0.269837 0.672684 0.277794 0.673350 0.281874 0.672528 0.293504 0.670998 0.305297 0.669784 0.314263 0.663239 0.312205 0.660651 0.317414
1 0.669570 0.315118 0.663763 0.313276 0.659572 0.321223 0.662987 0.322152 0.668514 0.323912 0.669002 0.319138
1 0.588855 0.258405 0.603145 0.262663 0.629760 0.271038 0.652043 0.278297 0.654007 0.286043 0.653736 0.294907 0.651027 0.310469 0.647302 0.323312 0.644932 0.331756 0.572464 0.331756 0.579982 0.298186 0.585670 0.272364
1 0.565543 0.251384 0.566193 0.253394 0.568550 0.257332 0.571882 0.260430 0.573589 0.262021 0.575538 0.262941 0.578626 0.266795 0.583016 0.262607 0.587648 0.257749 0.589436 0.251720 0.586186 0.249291 0.583504 0.248203 0.577489 0.247197 0.573508 0.246528 0.568957 0.247532
1 0.432012 0.232206 0.435995 0.234383 0.441034 0.236058 0.444854 0.237483 0.446641 0.238403 0.446316 0.241501 0.444609 0.249123 0.448430 0.249710 0.449486 0.249877 0.450543 0.250380 0.448998 0.257833 0.448349 0.259843 0.441196 0.266795 0.439165 0.268887 0.431851 0.265036 0.427868 0.263695 0.416815 0.262104 0.427543 0.241586
1 0.409525 0.223801 0.411726 0.221184 0.419909 0.227522 0.427021 0.232582 0.429844 0.234619 0.426852 0.240957 0.418556 0.256894 0.415790 0.262186 0.409187 0.258173 0.414041 0.247996 0.417596 0.241015 0.420700 0.234619 0.417314 0.231419 0.412629 0.226651
1 0.502442 0.181791 0.509967 0.187655 0.525300 0.199480 0.535647 0.207526 0.545665 0.215232 0.549334 0.218139 0.540680 0.231662 0.531885 0.246008 0.521914 0.262244 0.515093 0.257446 0.509403 0.252696 0.502301 0.247220 0.502442 0.210144
1 0.502310 0.248751 0.513090 0.257126 0.521613 0.263349 0.511849 0.278412 0.506883 0.286672 0.502310 0.282949 0.502310 0.260673
0 0.907169 0.312550 0.934910 0.312313 0.934647 0.319460 0.907235 0.319529
0 0.874729 0.312754 0.905921 0.312517 0.906019 0.319663 0.874531 0.319697
0 0.841938 0.312801 0.873651 0.312599 0.873493 0.319751 0.841900 0.319710
0 0.808966 0.312680 0.840677 0.312721 0.840953 0.319710 0.808926 0.319467
0 0.776086 0.312638 0.807986 0.312736 0.807891 0.319564 0.776511 0.318785
0 0.776937 0.289862 0.802544 0.289959 0.802686 0.296739 0.777128 0.296690
0 0.820740 0.274476 0.843758 0.274286 0.843956 0.281771 0.820695 0.281771
1 0.479931 0.613893 0.481582 0.615836 0.477284 0.621730 0.474324 0.625795 0.472747 0.627704 0.471446 0.625836 0.470657 0.623599 0.470223 0.621202 0.472392 0.619332 0.477913 0.615309 0.479254 0.613154
1 0.483916 0.533725 0.464613 0.540552 0.457334 0.542911 0.453163 0.536421 0.444003 0.531954 0.438768 0.529258 0.438115 0.527741 0.438523 0.526309 0.446211 0.521926 0.450383 0.519482 0.454144 0.516279 0.456353 0.514508 0.461914 0.511896 0.471238 0.510041 0.478107 0.509116 0.483997 0.508188 0.486696 0.507852 0.493566 0.505744 0.498637 0.505828 0.498882 0.528499 0.494956 0.529764 0.493157 0.524706 0.491357 0.518975 0.480726 0.522263
