1 0.637320 0.498428 0.642978 0.505105 0.651466 0.495089 0.659833 0.486742 0.666722 0.480900 0.666968 0.449184 0.666722 0.434993
1 0.536047 0.518115 0.543165 0.523332 0.550072 0.528450 0.555624 0.535020 0.562103 0.544873 0.568084 0.552892 0.572570 0.559558 0.574919 0.555885 0.579047 0.552117 0.581611 0.550379 0.586025 0.545356 0.590581 0.538497 0.595779 0.525746 0.598128 0.520723 0.600692 0.517921 0.605675 0.514442 0.610444 0.510677 0.613435 0.507392 0.619059 0.501692 0.624042 0.497539 0.629383 0.494349 0.612793 0.478990 0.602755 0.469621 0.601404 0.468750 0.599125 0.468267 0.598554 0.467203 0.594213 0.470199 0.592574 0.471454 0.590581 0.474352 0.588017 0.478120 0.585313 0.480922 0.579119 0.486235 0.571572 0.492128 0.564524 0.496764 0.557832 0.500243 0.554842 0.501402 0.552777 0.501981 0.551780 0.503913 0.548576 0.508357 0.544589 0.512027 0.542027 0.514734 0.540816 0.517342
1 0.713819 0.667056 0.711597 0.671694 0.708693 0.676679 0.706471 0.679577 0.708265 0.682357 0.710487 0.684909 0.713050 0.684445 0.720567 0.679460 0.728086 0.675752 0.733553 0.673779 0.735946 0.672505 0.738594 0.666824
1 0.793012 0.374701 0.801520 0.377623 0.804494 0.379293 0.807877 0.386527 0.809620 0.389588 0.811671 0.391116 0.815053 0.385831 0.818848 0.378319 0.822538 0.370529 0.828381 0.367468 0.829797 0.365383 0.829827 0.363561 0.833292 0.362251 0.836244 0.356993 0.840571 0.353877 0.840509 0.349539 0.840991 0.346881 0.852218 0.351124 0.856401 0.352709 0.853959 0.357231 0.848989 0.363978 0.845624 0.369053 0.842672 0.371629 0.838828 0.374647 0.835085 0.377261 0.830820 0.380156 0.827151 0.384622 0.821482 0.389001 0.815198 0.394819 0.811834 0.397056 0.805622 0.402191 0.799891 0.406698 0.790551 0.414251 0.788767 0.415086 0.784820 0.401760 0.780217 0.385176 0.786984 0.379864
1 0.802884 0.331064 0.823921 0.339577 0.839916 0.346254 0.839423 0.348090 0.839546 0.353100 0.835363 0.356270 0.832411 0.361280 0.828719 0.362614 0.828596 0.365119 0.826135 0.367121 0.824291 0.368123 0.822445 0.368456 0.820231 0.372128 0.818017 0.376969 0.814941 0.382145 0.812972 0.385984 0.811373 0.389323 0.808912 0.385817 0.805960 0.378638 0.803131 0.376802 0.799316 0.375302 0.795379 0.372963 0.795872 0.368791 0.795626 0.366955 0.797840 0.355937 0.801778 0.332065
1 0.767505 0.395825 0.770062 0.393206 0.771912 0.391372 0.775474 0.401610 0.778677 0.413108 0.780101 0.417842 0.777466 0.418903 0.775757 0.424505 0.769920 0.403446
1 0.779019 0.499997 0.797348 0.487978 0.817155 0.474958 0.823921 0.472286 0.833272 0.465108 0.839176 0.461102 0.846805 0.457932 0.852463 0.458431 0.857877 0.456761 0.861198 0.478797 0.862920 0.489312 0.829334 0.504003 0.803376 0.516188 0.785293 0.523869
1 0.822592 0.667443 0.850026 0.667277 0.876477 0.667610 0.877338 0.672952 0.877585 0.681801 0.871802 0.684638 0.869588 0.686808 0.869342 0.692819 0.868727 0.695823 0.865528 0.699662 0.862699 0.703001 0.860607 0.707675 0.858639 0.710177 0.856302 0.712682 0.854456 0.717858 0.853473 0.719192 0.850519 0.721362 0.847567 0.722532 0.840308 0.722532 0.835510 0.722363 0.832312 0.724368 0.826777 0.724368 0.825546 0.697825 0.824315 0.679130
1 0.812922 0.705716 0.816409 0.702431 0.820539 0.699149 0.824241 0.697700 0.825309 0.717888 0.825737 0.725231 0.820965 0.729965 0.816268 0.714990
1 0.831878 0.768791 0.840593 0.774008 0.846403 0.777370 0.850161 0.771804 0.862634 0.774123 0.866224 0.754068 0.868701 0.739462 0.870237 0.730188 0.859473 0.727405 0.855031 0.725435 0.854092 0.723697 0.851870 0.723116 0.849135 0.725321 0.839994 0.724857 0.835809 0.725089 0.831707 0.726246 0.830000 0.726477 0.828033 0.726246 0.825642 0.728333 0.822224 0.731462 0.820175 0.738999 0.815391 0.743402 0.810605 0.747924 0.815049 0.753954 0.821030 0.759632 0.826326 0.766126 0.830255 0.768095 0.830853 0.765430 0.824872 0.760677 0.821627 0.758243 0.818721 0.753490 0.826582 0.752445 0.833503 0.751866 0.834955 0.751981 0.834271 0.757547 0.832562 0.765894 0.830768 0.765430 0.830255 0.768095
1 0.821114 0.754570 0.828385 0.753768 0.833937 0.752840 0.832314 0.761070 0.831717 0.764548 0.828299 0.761533 0.822831 0.757012
1 0.789640 0.731026 0.789783 0.732475 0.794482 0.745034 0.798112 0.755951 0.802528 0.751312 0.805518 0.749768 0.809005 0.745517 0.813205 0.742619 0.818190 0.738368 0.820539 0.732958 0.817406 0.722911 0.813917 0.713059 0.812067 0.706780 0.808436 0.710355 0.801530 0.717116 0.799035 0.719918 0.795763 0.722816
1 0.773195 0.700000 0.779127 0.696379 0.783873 0.693321 0.786960 0.702175 0.787848 0.707004 0.792298 0.703866 0.793782 0.705798 0.796807 0.713686 0.798884 0.718115 0.795681 0.721255 0.792180 0.726164 0.790282 0.728660 0.785180 0.715296 0.783577 0.710467 0.782272 0.710385 0.776873 0.715217 0.775212 0.711593
1 0.784943 0.738319 0.786781 0.736308 0.788976 0.732606 0.791528 0.740011 0.794257 0.747094 0.797342 0.757239 0.796630 0.760379 0.794613 0.763116 0.792121 0.766014 0.790044 0.766576 0.789570 0.755468 0.788027 0.746854
1 0.736423 0.700925 0.738701 0.701023 0.743400 0.707784 0.748952 0.715705 0.752940 0.721694 0.757782 0.727299 0.758920 0.751449 0.754649 0.756859 0.752298 0.754251 0.746746 0.746909 0.736493 0.734156 0.725244 0.720439 0.730372 0.712614 0.734358 0.706046
1 0.758351 0.756576 0.759176 0.761105 0.760080 0.764068 0.756210 0.758980
1 0.683561 0.666881 0.696946 0.666881 0.696021 0.672003 0.697444 0.677509 0.698655 0.679634 0.695948 0.684076 0.690822 0.677026
1 0.678444 0.669195 0.683418 0.669007 0.690609 0.679151 0.695236 0.685236 0.693244 0.689392 0.692103 0.692772 0.686123 0.691517 0.684915 0.693351 0.683205 0.698278 0.681140 0.697602 0.679787 0.701370 0.679005 0.701080 0.681709 0.692385 0.682208 0.688521 0.680215 0.678764 0.679147 0.673356
1 0.632443 0.370216 0.634864 0.375239 0.639704 0.381905 0.642767 0.387217 0.649103 0.391274 0.653873 0.394849 0.658003 0.398712 0.660993 0.401997 0.663057 0.405959 0.663911 0.411659 0.666618 0.411659 0.666758 0.418033 0.652876 0.404606 0.645685 0.398712 0.632872 0.386928 0.627531 0.382098 0.627104 0.379874
1 0.672526 0.420352 0.675232 0.422865 0.672312 0.428371
1 0.602841 0.463959 0.610873 0.460944 0.619330 0.457236 0.617364 0.453525 0.623686 0.448194 0.633427 0.440194 0.641200 0.433588 0.647352 0.428371 0.651709 0.424778 0.655554 0.417010 0.657860 0.412256 0.642652 0.398578 0.628301 0.385943 0.626421 0.384319 0.624028 0.385362 0.618989 0.393825 0.614802 0.397419 0.610531 0.402055 0.607283 0.406461 0.604122 0.411097 0.602158 0.414576 0.601303 0.417010 0.601816 0.418633 0.603696 0.422805 0.607112 0.431847 0.607283 0.434513 0.606087 0.441585 0.605490 0.448426 0.604464 0.457700
1 0.620625 0.458027 0.631731 0.452715 0.641200 0.448753 0.646612 0.444791 0.655297 0.437741 0.662773 0.430205 0.665192 0.432330 0.654728 0.455806 0.642481 0.481599 0.640418 0.486139 0.635007 0.479280 0.631375 0.474933 0.627388 0.470295 0.624257 0.465370
1 0.681028 0.411029 0.677183 0.420401 0.674832 0.419337 0.672411 0.417599 0.672411 0.371714 0.672055 0.324377 0.675759 0.320608 0.679531 0.316843 0.684158 0.314330 0.688359 0.312398 0.692630 0.310371 0.699182 0.317326 0.704164 0.321383 0.707653 0.324764 0.711355 0.328628 0.716909 0.333940 0.706869 0.354518 0.703879 0.361473 0.700676 0.358093 0.692204 0.376445 0.683732 0.393351 0.676115 0.408229
1 0.681560 0.410205 0.677509 0.407697 0.685840 0.391855 0.688331 0.386156 0.693030 0.377171 0.696660 0.369828 0.700718 0.360363 0.704136 0.363454 0.691820 0.389342
1 0.614275 0.317452 0.624243 0.303154 0.629369 0.295135 0.632998 0.289629 0.636986 0.284606 0.642680 0.278035 0.645956 0.274559 0.647237 0.272434 0.652007 0.275719 0.658771 0.282191 0.664110 0.287793 0.666246 0.290016 0.666318 0.316870 0.666388 0.323053 0.662972 0.326338 0.658771 0.331266 0.656849 0.334259 0.654358 0.339670 0.652648 0.343533 0.651011 0.348169 0.650227 0.350104 0.644319 0.355705 0.640545 0.358797 0.636344 0.343921 0.633354 0.335514 0.631788 0.331651 0.623601 0.325566
1 0.672266 0.289708 0.678695 0.296281 0.687197 0.304936 0.691745 0.309094 0.685813 0.311509 0.681810 0.313457 0.678546 0.315670 0.675926 0.318688 0.673750 0.320903 0.672019 0.322243 0.672266 0.302922
1 0.633441 0.369443 0.635363 0.373885 0.638140 0.377558 0.640915 0.381615 0.643479 0.385962 0.649246 0.389342 0.655866 0.394849 0.659427 0.398617 0.661562 0.401225 0.663841 0.405667 0.664553 0.410306 0.666618 0.410210 0.666831 0.400453 0.666189 0.393593 0.666688 0.383353 0.666260 0.375045 0.666332 0.363744 0.666332 0.325392 0.661490 0.330319 0.659141 0.333217 0.658074 0.335727 0.656294 0.338529 0.653803 0.344325 0.651951 0.349640 0.649389 0.352633 0.642055 0.359686 0.637356 0.364033
1 0.773811 0.667566 0.813587 0.667427 0.802413 0.672990 0.790418 0.679113 0.785190 0.680920 0.783652 0.682868 0.777603 0.685233
1 0.676513 0.668813 0.678363 0.678281 0.679930 0.685913 0.680143 0.690164 0.677866 0.699244 0.676797 0.702046 0.673237 0.702529 0.673593 0.686106 0.673879 0.669782
1 0.678450 0.422690 0.681866 0.419097 0.685711 0.417241 0.695110 0.416778 0.700235 0.416082 0.704335 0.413880 0.709803 0.409127 0.714929 0.403563 0.719544 0.396955 0.722105 0.393130 0.724412 0.390578 0.726121 0.389072 0.727573 0.391506 0.732272 0.402750 0.737056 0.414690 0.739962 0.422341 0.726805 0.429992 0.716467 0.435673 0.705616 0.441007 0.700662 0.443209 0.693913 0.437528
1 0.821321 0.416005 0.823103 0.418226 0.824882 0.427405 0.826946 0.434843 0.828798 0.441992 0.833211 0.437160 0.836986 0.450300 0.839121 0.459282 0.843250 0.457449 0.846382 0.456480 0.843605 0.438900 0.842894 0.432911 0.840402 0.423056 0.837482 0.413880 0.833497 0.401610 0.832144 0.401902 0.829652 0.407020 0.824526 0.412816
1 0.699135 0.304666 0.704613 0.309694 0.705610 0.312205 0.702477 0.317422 0.708884 0.322832 0.711448 0.325536 0.714152 0.320802 0.715862 0.321673 0.718496 0.324377 0.721130 0.326985 0.730101 0.307664 0.731241 0.305637 0.732166 0.303222 0.731168 0.301771 0.724050 0.294237 0.717498 0.287572 0.702620 0.301192
1 0.711733 0.327274 0.713014 0.325149 0.714581 0.322251 0.715719 0.323026 0.716929 0.324958 0.720133 0.328338 0.717997 0.332879 0.713656 0.329400
1 0.648309 0.271293 0.655013 0.276769 0.660410 0.281839 0.666403 0.287637 0.666521 0.281116 0.661955 0.276205 0.661301 0.275318 0.666344 0.267190 0.666403 0.254630 0.662013 0.257045 0.657623 0.259782 0.652461 0.266224
1 0.697470 0.277261 0.699015 0.278660 0.700629 0.280756 0.701213 0.281921 0.700012 0.283271 0.698707 0.284900 0.697780 0.286393 0.697161 0.287091 0.696714 0.286813 0.695067 0.284576 0.694175 0.281828 0.695685 0.280150
1 0.687474 0.296019 0.689996 0.299307 0.692222 0.301386 0.692616 0.302527 0.691924 0.304003 0.690991 0.304748 0.688759 0.302527 0.686437 0.300246 0.685152 0.299040 0.686091 0.297094
1 0.680207 0.279784 0.684508 0.284079 0.682580 0.286360 0.682184 0.288172 0.681146 0.288843 0.680157 0.289111 0.678625 0.287501 0.676845 0.285151 0.677635 0.283542 0.678822 0.281462
1 0.665661 0.673675 0.662926 0.676109 0.659338 0.677501 0.661387 0.678660 0.662755 0.683645 0.663609 0.691992 0.664719 0.701730 0.666097 0.701501 0.665661 0.690832
1 0.690046 0.265757 0.692962 0.270327 0.694643 0.272338 0.694347 0.273413 0.691826 0.276164 0.690935 0.276835 0.689304 0.275424 0.686833 0.272273 0.685992 0.270393
1 0.685642 0.256044 0.682481 0.259460 0.684064 0.261269 0.685447 0.263015 0.686386 0.263550 0.687030 0.262745 0.687673 0.261135 0.686485 0.258183
1 0.672190 0.268840 0.676994 0.273948 0.675164 0.276969 0.673879 0.279250 0.672890 0.279651 0.672198 0.279383
1 0.666236 0.269648 0.663911 0.273203 0.662379 0.275015 0.665443 0.278235 0.666433 0.279645
1 0.773250 0.390276 0.776397 0.387932 0.779296 0.386172 0.783988 0.402251 0.787322 0.414480 0.785407 0.415400 0.782693 0.416739 0.780841 0.417746 0.776582 0.400827
1 0.692851 0.257053 0.686133 0.252712 0.700637 0.267618 0.715250 0.282524 0.718130 0.284696 0.728154 0.275722 0.736793 0.269353 0.738287 0.268486 0.744472 0.274131 0.745327 0.274709 0.755777 0.252857 0.771349 0.219282 0.780523 0.200614 0.778496 0.196417 0.758337 0.176300 0.737221 0.154881 0.721009 0.138240 0.714396 0.131149 0.712691 0.131872 0.710237 0.140265 0.708850 0.144464 0.706716 0.149094 0.704691 0.152568 0.703517 0.159078 0.710877 0.166025 0.719302 0.174276 0.715464 0.185274 0.709702 0.200903 0.701170 0.193378 0.694132 0.186865 0.688693 0.200614 0.684000 0.211902 0.684746 0.213203 0.690718 0.217400 0.696157 0.221307 0.696692 0.224057 0.695091 0.228109 0.694665 0.230426 0.695198 0.231583 0.697545 0.229847 0.699039 0.230570 0.699891 0.232450 0.699252 0.236068 0.698824 0.242437 0.695091 0.253146
1 0.718934 0.285842 0.721589 0.283160 0.729982 0.275874 0.738315 0.270095 0.744796 0.276041 0.735476 0.295722 0.734673 0.297817 0.732697 0.297064 0.731032 0.297648 0.729550 0.297648
1 0.735771 0.061913 0.739845 0.064625 0.744140 0.067542 0.747844 0.071359 0.750955 0.076887 0.754657 0.084224 0.758954 0.094775 0.766212 0.111558 0.773694 0.130554 0.777989 0.141509 0.782952 0.151056 0.786952 0.158794 0.791912 0.165427 0.794283 0.168641 0.787617 0.182712 0.781470 0.195978 0.774804 0.189746 0.756435 0.171053 0.736660 0.151056 0.720736 0.134876 0.715329 0.129348 0.714440 0.126734 0.714440 0.121509 0.715329 0.113168 0.720440 0.094273 0.724959 0.081711 0.729254 0.071359
1 0.737623 0.058797 0.743770 0.062014 0.751176 0.066838 0.761621 0.073973 0.775842 0.080808 0.787322 0.085632 0.802059 0.091258 0.809912 0.094273 0.814502 0.096183 0.818800 0.098494 0.821317 0.099700 0.824947 0.102614 0.824798 0.104423 0.804800 0.148644 0.797098 0.165626 0.793913 0.162210 0.787468 0.153569 0.780062 0.137891 0.773026 0.120704 0.766065 0.103018 0.759473 0.086936 0.754880 0.077692 0.752363 0.072164 0.748954 0.067542 0.742437 0.062516 0.739401 0.060909
1 0.875468 0.239100 0.879459 0.241001 0.880569 0.242308 0.881828 0.243113 0.885532 0.255975 0.887309 0.269342 0.886791 0.282608 0.885457 0.297181 0.884643 0.307733 0.882791 0.320999 0.878496 0.328437 0.873756 0.333864 0.870645 0.344115 0.867460 0.353662 0.865608 0.354063 0.860720 0.352153 0.866571 0.334969 0.872051 0.312859 0.875236 0.291754 0.875904 0.279291 0.873384 0.261402 0.877458 0.263211 0.876348 0.249042
1 0.818232 0.237588 0.834898 0.245056 0.848683 0.250849 0.856244 0.253779 0.868536 0.259432 0.870336 0.268644 0.871313 0.279462 0.871005 0.288606 0.870028 0.298374 0.867456 0.310868 0.864524 0.322035 0.862725 0.329921 0.861747 0.334737 0.860820 0.338016 0.859071 0.340180 0.857066 0.342483 0.855472 0.345623 0.854442 0.349880 0.836388 0.342622 0.803213 0.329012 0.802288 0.326502 0.807587 0.297956 0.812111 0.272344
1 0.809912 0.748805 0.812566 0.752993 0.815960 0.756846 0.819602 0.760529 0.822996 0.764718 0.824971 0.767061 0.823244 0.777364 0.822441 0.784816 0.809972 0.783896 0.796332 0.782723 0.788679 0.782387 0.790284 0.776862 0.792568 0.770497 0.794233 0.767146 0.798247 0.762120 0.803616 0.755757
1 0.811363 0.427023 0.813050 0.424734 0.816606 0.420873 0.820605 0.416775 0.821850 0.418221 0.825938 0.435828 0.828516 0.444510 0.832783 0.439446 0.835449 0.449094 0.837848 0.459948 0.831005 0.464772 0.824251 0.470199 0.821938 0.465012 0.816252 0.446079
1 0.877784 0.440832 0.883414 0.436914 0.888524 0.433596 0.889857 0.433397 0.894376 0.455105 0.897561 0.471285 0.896079 0.471989 0.895339 0.473094 0.895486 0.474499 0.885118 0.479225 0.880155 0.452892
1 0.859757 0.454562 0.862646 0.472952 0.864719 0.488229 0.884124 0.479585 0.879533 0.455165 0.876718 0.441498 0.867905 0.448532
1 0.490422 0.548347 0.502954 0.547141 0.512019 0.545211 0.522596 0.540750 0.532550 0.536407 0.540816 0.533392 0.547927 0.531945 0.552280 0.532065 0.545970 0.526881 0.537971 0.520851 0.533794 0.517836 0.523662 0.517353 0.521707 0.514821 0.518240 0.513495 0.516374 0.512409 0.508997 0.517714 0.505620 0.520005 0.501798 0.528327
1 0.782654 0.200035 0.818812 0.214652 0.818812 0.216677 0.819664 0.218849 0.808572 0.281945 0.800573 0.326374 0.799507 0.327820 0.769216 0.315375 0.735087 0.301915 0.734981 0.300180 0.750979 0.267618 0.763776 0.240120 0.775190 0.249383 0.787561 0.223190 0.776043 0.213203
1 0.672481 0.175866 0.688693 0.170947 0.699678 0.168486 0.688373 0.195836 0.679200 0.219427 0.671949 0.235779
1 0.700006 0.681247 0.709073 0.691498 0.713427 0.687034 0.719294 0.697045 0.717161 0.699697 0.720448 0.706933 0.724715 0.716824 0.723827 0.718510 0.710939 0.702592 0.705695 0.696322 0.697074 0.685225
1 0.788136 0.783984 0.796654 0.784196 0.809467 0.785203 0.821538 0.786207 0.820798 0.793443 0.820724 0.798568 0.819835 0.807514 0.818800 0.814849 0.819318 0.826810 0.813318 0.825604 0.807836 0.825302 0.804430 0.824598 0.801912 0.822589 0.799393 0.817864 0.795986 0.803293 0.793469 0.796859 0.790728 0.792136 0.788432 0.786510
1 0.758552 0.754306 0.760151 0.759514 0.761003 0.764870 0.765377 0.770513 0.773589 0.770658 0.779988 0.770368 0.787881 0.767765 0.787774 0.758068 0.787135 0.750543 0.785427 0.746347 0.783509 0.740990 0.779775 0.743741 0.777108 0.749094 0.772310 0.753583 0.766336 0.753293 0.760684 0.751844
1 0.878721 0.681525 0.887979 0.680690 0.893533 0.680202 0.900939 0.681040 0.905518 0.677550 0.908552 0.675664 0.912152 0.674128 0.912976 0.687460 0.928200 0.687667 0.935504 0.687877 0.936996 0.700022 0.937613 0.707001 0.931749 0.717050 0.927840 0.724868 0.919353 0.728147 0.913386 0.731288 0.911279 0.732824 0.910662 0.734846 0.910712 0.735823 0.895385 0.741547 0.889264 0.744060 0.885817 0.756344 0.882578 0.766671 0.881394 0.770859 0.880056 0.775675 0.877794 0.782862 0.876559 0.787539 0.875942 0.794098 0.875222 0.800101 0.875067 0.804917 0.874142 0.809173 0.872600 0.813083 0.869771 0.814060 0.863340 0.814548 0.859483 0.814966 0.855574 0.814898 0.852695 0.813782 0.849453 0.812944 0.849556 0.806941 0.851150 0.800379 0.857066 0.790819 0.860820 0.783282 0.864730 0.775814 0.864935 0.771348 0.868434 0.752712 0.870181 0.743222 0.872290 0.727937 0.873730 0.720889 0.876354 0.712794 0.878359 0.700439 0.879029 0.688925
1 0.937716 0.708606 0.934217 0.714538 0.929383 0.723749 0.932727 0.722982 0.934321 0.722423 0.935349 0.720330 0.936326 0.717817 0.937098 0.716423 0.938023 0.710769
1 0.913233 0.673749 0.916565 0.672944 0.926417 0.671640 0.933229 0.670232 0.934860 0.680281 0.935600 0.686311 0.923527 0.686210 0.913825 0.686210
1 0.132397 0.649364 0.129660 0.646859 0.127010 0.646819 0.126147 0.646859 0.122218 0.646052 0.120135 0.645648 0.113734 0.629533 0.105371 0.607321 0.100519 0.593670 0.103941 0.589954 0.107573 0.583411 0.110491 0.577795 0.116533 0.568508 0.120730 0.563580 0.124152 0.560267 0.125313 0.559299 0.127128 0.559419 0.126861 0.564993 0.128944 0.575735 0.131446 0.589992 0.136268 0.604977 0.136773 0.612974 0.136119 0.624041 0.137131 0.630382 0.135910 0.635793 0.135464 0.640720 0.134571 0.644799
1 0.121032 0.646944 0.125232 0.647760 0.128789 0.647992 0.132003 0.650434 0.127931 0.659392 0.123002 0.650900
1 0.128880 0.667452 0.128347 0.669741 0.126216 0.670464 0.126837 0.674808 0.128703 0.677460 0.130481 0.682164 0.133147 0.684333 0.140080 0.686745 0.149678 0.686505 0.152256 0.685782 0.154301 0.685782 0.161766 0.683370 0.163899 0.680715 0.170477 0.677700 0.177054 0.675891 0.175542 0.667812 0.148789 0.667812
1 0.112107 0.667558 0.126037 0.667323 0.124623 0.668895 0.122479 0.669476 0.118500 0.669468 0.115484 0.668786
1 0.114601 0.670617 0.116960 0.670906 0.118846 0.671547 0.122188 0.670966 0.124760 0.670966 0.125188 0.674805 0.123688 0.675561 0.121460 0.676317 0.118331 0.676199
1 0.128832 0.746456 0.131060 0.750409 0.138691 0.751282 0.139377 0.750644 0.138347 0.743490 0.137790 0.736977 0.138047 0.732614 0.139718 0.725517 0.140105 0.721681 0.139505 0.717956 0.137619 0.713130 0.141090 0.714816 0.141434 0.717724 0.141347 0.723599 0.140919 0.732789 0.140533 0.741105 0.141134 0.748317 0.141605 0.751864 0.139805 0.752156 0.140275 0.756516 0.134189 0.758611 0.132475 0.759310 0.130418 0.751282
1 0.123077 0.709023 0.129373 0.710363 0.136224 0.712374 0.138816 0.717902 0.139248 0.722256 0.138568 0.726276 0.137271 0.732557 0.137026 0.738756 0.137334 0.743446 0.138074 0.746963 0.138506 0.750229 0.135606 0.749978 0.131595 0.749307 0.127828 0.742859 0.125174 0.735154 0.122892 0.726611 0.121965 0.720666 0.122274 0.712458
1 0.863091 0.233866 0.874273 0.238289 0.876274 0.261503 0.873089 0.259896 0.871311 0.251754 0.868126 0.243012 0.865089 0.237282
1 0.823225 0.216939 0.848930 0.227645 0.853837 0.230106 0.853410 0.232134 0.857143 0.234881 0.861088 0.238936 0.865355 0.248341 0.868168 0.257462 0.854902 0.251814 0.836344 0.244289 0.826320 0.239514 0.818321 0.236330 0.821414 0.219397
1 0.672331 0.237517 0.678938 0.223700 0.683135 0.214404 0.684247 0.214570 0.691098 0.219345 0.693565 0.220685 0.695357 0.222862 0.693195 0.232074 0.694492 0.233247 0.696529 0.232158 0.697824 0.231656 0.698442 0.231989 0.697887 0.239779 0.695542 0.246982 0.693937 0.252426 0.692640 0.255441 0.687209 0.252005 0.683752 0.249577 0.681840 0.247651 0.679692 0.246955 0.678584 0.247613 0.672029 0.246794 0.672162 0.240843
1 0.703622 0.161935 0.709238 0.167544 0.714299 0.172570 0.717879 0.175670 0.714730 0.184295 0.711213 0.193424 0.709238 0.199119 0.705904 0.195768 0.699363 0.189572 0.694362 0.184715
1 0.826304 0.104456 0.828403 0.103872 0.832353 0.106718 0.836612 0.109231 0.839574 0.110153 0.838401 0.116349 0.829328 0.112666 0.825132 0.111072 0.823959 0.109817
1 0.824351 0.114079 0.828860 0.115580 0.834229 0.117588 0.837623 0.118928 0.834291 0.139866 0.828675 0.138611 0.825341 0.137774 0.824291 0.137102 0.823799 0.136014 0.824786 0.127891 0.824724 0.123787 0.818419 0.125703 0.823547 0.114734
1 0.720070 0.492750 0.723402 0.497274 0.725994 0.501091 0.729845 0.497274 0.732067 0.495664 0.735771 0.497978 0.737400 0.501293 0.741993 0.497675 0.744734 0.494458 0.750511 0.492952 0.754880 0.486821 0.757102 0.483806 0.763101 0.481394 0.766139 0.478177 0.770953 0.476570 0.766509 0.460491 0.764064 0.451847 0.762805 0.450742 0.756288 0.454461 0.744808 0.464914 0.732216 0.479986
1 0.823006 0.656041 0.823183 0.657247 0.857225 0.657367 0.876511 0.657730 0.874110 0.650131 0.870290 0.644584 0.866290 0.640123 0.861402 0.637108 0.836427 0.648565
1 0.190991 0.535771 0.194474 0.547542 0.196622 0.554829 0.198681 0.568794 0.201456 0.587372 0.203424 0.599757 0.206018 0.610079 0.208347 0.619673 0.209509 0.623921 0.200650 0.630237 0.198950 0.627809 0.199487 0.625381 0.199487 0.623072 0.198055 0.620644 0.196175 0.619550 0.194565 0.620158 0.193400 0.621372 0.187406 0.614330 0.176935 0.602428 0.167718 0.591258 0.164585 0.587858 0.166732 0.579599 0.168164 0.567334 0.170581 0.560658 0.172459 0.555558 0.176399 0.548270 0.179262 0.542808 0.183736 0.538677
1 0.672954 0.846467 0.674384 0.846576 0.675027 0.851967 0.675136 0.856486 0.676746 0.859692 0.677927 0.864936 0.678464 0.872660 0.672449 0.873389 0.672664 0.853572
0 0.049781 0.403151 0.075166 0.403498 0.075166 0.419596 0.049654 0.419596
0 0.076614 0.403192 0.101735 0.403378 0.101862 0.419473 0.076614 0.419482
0 0.102994 0.403411 0.128186 0.403269 0.128506 0.419566 0.103101 0.419422
0 0.129680 0.403274 0.154374 0.403168 0.154526 0.419667 0.129753 0.419771
0 0.210499 0.403405 0.234790 0.403160 0.234609 0.419392 0.210318 0.419640
0 0.183951 0.403332 0.208333 0.403086 0.208243 0.419935 0.183951 0.419689
1 0.092463 0.667986 0.101042 0.668237 0.106165 0.668742 0.111287 0.669495 0.113077 0.670248 0.116966 0.676027 0.118448 0.678038 0.122892 0.677618 0.122644 0.685741 0.121842 0.691018 0.120175 0.696546 0.119867 0.698974 0.120485 0.707351 0.117768 0.707266 0.110052 0.707097 0.107338 0.706679 0.103696 0.704417 0.095301 0.700232 0.089684 0.697132 0.083018 0.692106 0.076167 0.684821 0.072403 0.680467 0.069441 0.676529 0.070181 0.673683 0.080056 0.671924 0.091661 0.669495 0.091351 0.668071
0 0.282564 0.453386 0.316370 0.452769 0.316008 0.468390 0.282835 0.469250
0 0.182729 0.454532 0.214979 0.454123 0.215283 0.470008 0.183030 0.470317
0 0.150145 0.454513 0.181414 0.454205 0.181490 0.470194 0.150597 0.470499
0 0.116610 0.454838 0.148150 0.454589 0.148333 0.470087 0.116610 0.470210
1 0.776071 0.425457 0.777814 0.420079 0.783414 0.417719 0.787868 0.415831 0.791209 0.414840 0.801472 0.407143 0.811215 0.398977 0.815528 0.396240 0.822556 0.389866 0.826139 0.386704 0.827774 0.385523 0.830696 0.381935 0.832437 0.380472 0.837864 0.376789 0.842769 0.372966 0.845588 0.370322 0.847466 0.368292 0.851363 0.363053 0.854424 0.358188 0.857521 0.353375 0.858878 0.353940 0.854703 0.360786 0.849901 0.367915 0.846318 0.372256 0.841552 0.376789 0.834802 0.383588 0.827706 0.387932 0.822869 0.391850 0.819041 0.395201 0.811526 0.401102 0.801749 0.409031 0.795940 0.413847 0.790131 0.418145 0.784042 0.422156 0.779588 0.425697 0.778683 0.426453 0.776075 0.426169
1 0.855560 0.230641 0.861414 0.232982 0.863449 0.237034 0.866175 0.241558 0.869208 0.249138 0.871026 0.254660 0.872715 0.263708 0.874144 0.273050 0.874577 0.279102 0.874577 0.283332 0.873927 0.293381 0.872325 0.304600 0.870507 0.314532 0.868731 0.321465 0.866652 0.330158 0.863404 0.340382 0.861110 0.347784 0.859984 0.350428 0.859725 0.352016 0.855524 0.350311 0.856391 0.346494 0.857517 0.343790 0.859984 0.340734 0.861760 0.338797 0.863535 0.331746 0.864965 0.324930 0.867000 0.317528 0.869294 0.309184 0.871762 0.296611 0.872670 0.284508 0.872974 0.281042 0.872584 0.273814 0.871675 0.265471 0.870117 0.258363 0.868255 0.252194 0.866220 0.246554 0.863622 0.240914 0.861369 0.236742 0.859292 0.234216 0.855568 0.231746
1 0.798781 0.167812 0.808448 0.177623 0.820169 0.189132 0.828275 0.197337 0.839936 0.208589 0.850161 0.219673 0.855274 0.225004 0.856646 0.224920 0.859513 0.225173 0.860885 0.226696 0.861446 0.228810 0.862443 0.231094 0.858516 0.229318 0.855136 0.227929 0.854052 0.227752 0.854573 0.226636 0.854052 0.225402 0.848228 0.219080 0.833949 0.204868 0.823599 0.194799 0.812063 0.182870 0.803583 0.174663 0.797971 0.169588
1 0.737058 0.059817 0.738222 0.061143 0.742182 0.063544 0.746093 0.066769 0.749075 0.069929 0.751729 0.073342 0.755222 0.080104 0.760392 0.091604 0.765516 0.104434 0.769196 0.112966 0.772689 0.122636 0.777253 0.133632 0.782331 0.145640 0.786475 0.153288 0.789596 0.158469 0.793555 0.163400 0.796489 0.166748 0.795697 0.168393 0.789596 0.160303 0.787313 0.157711 0.782236 0.147411 0.777766 0.138499 0.774691 0.129905 0.769521 0.117201 0.764818 0.105509 0.759507 0.092808 0.754012 0.080104 0.750426 0.073026 0.746839 0.068600 0.743392 0.065757 0.738828 0.062344 0.736266 0.060827
1 0.732367 0.448278 0.739584 0.441435 0.745715 0.437432 0.751689 0.434379 0.762011 0.431536 0.768761 0.429956 0.772331 0.429326 0.774504 0.428587 0.774971 0.430379 0.771090 0.432169 0.754561 0.439432 0.740048 0.446698 0.733143 0.450278
1 0.874160 0.556974 0.883511 0.552887 0.892652 0.548093 0.899405 0.545555 0.895250 0.563599 0.894627 0.572341 0.893276 0.584041 0.892134 0.594753 0.890054 0.607018 0.889952 0.614769 0.890054 0.620409 0.883925 0.623228 0.881017 0.603351
1 0.797440 0.170467 0.804953 0.177602 0.814969 0.187681 0.821396 0.193910 0.824532 0.197217 0.822884 0.207995 0.821798 0.214025 0.803032 0.205918 0.784166 0.198101
1 0.825663 0.198483 0.834181 0.206584 0.845246 0.217959 0.852290 0.224786 0.853229 0.225877 0.852759 0.226423 0.850881 0.226060 0.836863 0.220417 0.822984 0.214407
1 0.193827 0.621623 0.195343 0.620568 0.196252 0.620333 0.197334 0.621037 0.198504 0.623151 0.198850 0.624387 0.198633 0.625678 0.198243 0.626911 0.196294 0.624562
1 0.677277 0.424366 0.693463 0.439523 0.700253 0.446532 0.713688 0.439523 0.725351 0.433512 0.729459 0.444229 0.719298 0.454947 0.712063 0.461956 0.707340 0.464960 0.691396 0.470371 0.681062 0.474778 0.672499 0.479986 0.672499 0.448535 0.672795 0.433714
1 0.778886 0.429795 0.776435 0.429351 0.776091 0.427340 0.778781 0.427531 0.780792 0.425864 0.784112 0.423154 0.795027 0.415989 0.802680 0.409629 0.812946 0.401498 0.826057 0.390791 0.828548 0.389102 0.835313 0.384352 0.840296 0.379441 0.847177 0.373080 0.853111 0.365271 0.857917 0.357784 0.859873 0.354565 0.864086 0.356497 0.865333 0.356980 0.865926 0.358109 0.861890 0.365271 0.856135 0.373967 0.851568 0.380889 0.844034 0.385157 0.832286 0.393771 0.829141 0.396508 0.824870 0.398600 0.821251 0.401659 0.814665 0.405765 0.804995 0.411400 0.802206 0.415184 0.798172 0.423072 0.796986 0.425730 0.792359 0.430802 0.783103 0.431042
1 0.814613 0.585075 0.821174 0.615678 0.828043 0.650317 0.847931 0.640300 0.861361 0.634876 0.882506 0.623111 0.880509 0.609588 0.876473 0.580546 0.872894 0.557735 0.841269 0.572557
1 0.726292 0.433007 0.730806 0.444775 0.738970 0.437244 0.746632 0.432251 0.753308 0.429250 0.758751 0.428063 0.763252 0.427323 0.766047 0.426693 0.768916 0.425850 0.770314 0.425323 0.771168 0.424060 0.771945 0.422270 0.773418 0.423533 0.774038 0.423323 0.773185 0.420900 0.770205 0.409823 0.766445 0.397765 0.765250 0.407271 0.763712 0.413995 0.761577 0.416778 0.757816 0.418052 0.753461 0.418169 0.739449 0.425356
1 0.844339 0.121774 0.852162 0.124939 0.860780 0.128685 0.863784 0.130095 0.865053 0.143943 0.867229 0.169171 0.869560 0.196857 0.872355 0.230518 0.872769 0.235367 0.863282 0.231487 0.862236 0.226767 0.860561 0.224502 0.858058 0.223558 0.855560 0.223547 0.852634 0.220914 0.847488 0.215632 0.841924 0.209214 0.834414 0.201855 0.825819 0.193561 0.830925 0.163408 0.835896 0.136352 0.838749 0.119782
1 0.817565 0.127722 0.823674 0.125714 0.823614 0.130906 0.822996 0.136265 0.824106 0.138611 0.830650 0.140535 0.833364 0.140870 0.833797 0.141959 0.831390 0.155359 0.827933 0.175544 0.824955 0.192851 0.819525 0.187285 0.811241 0.178881 0.799497 0.166521 0.807010 0.150251 0.815158 0.132914
1 0.703740 0.287836 0.706113 0.291793 0.707440 0.294297 0.706294 0.295553 0.704726 0.296889 0.702950 0.294409 0.700923 0.291190
1 0.672276 0.281195 0.672218 0.287716 0.673581 0.288843 0.676549 0.283771 0.678625 0.279585 0.680583 0.278540 0.685922 0.283932 0.683965 0.286510 0.682837 0.288764 0.682363 0.289809 0.680641 0.290775 0.677973 0.288360 0.675659 0.285302 0.673523 0.288843 0.682540 0.296974 0.684142 0.298666 0.686101 0.295042 0.687820 0.294720 0.689481 0.296974 0.690788 0.298906 0.693636 0.301080 0.693457 0.303817 0.691975 0.305427 0.690432 0.306475 0.693284 0.308568 0.697004 0.304584 0.700362 0.301419 0.703961 0.297763 0.700696 0.292707 0.699805 0.291258 0.701110 0.289004 0.703957 0.285945 0.705204 0.288843 0.708204 0.293861 0.712125 0.290450 0.714780 0.287940 0.716228 0.286494 0.713493 0.283683 0.706865 0.277010 0.698974 0.286750 0.697611 0.288281 0.695711 0.287959 0.693457 0.284175 0.693042 0.281034 0.694822 0.279585 0.697016 0.275722 0.699272 0.277252 0.701110 0.279667 0.702357 0.282565 0.706807 0.277010 0.699449 0.269604 0.691144 0.278379 0.689304 0.277735 0.684796 0.271053 0.685803 0.268799 0.689423 0.264371 0.691084 0.264532 0.692270 0.266868 0.694347 0.270248 0.695415 0.271375 0.695474 0.273869 0.699391 0.269604 0.687050 0.256240 0.686752 0.256723 0.688830 0.260909 0.687820 0.263323 0.686634 0.265337 0.685033 0.264772 0.682658 0.261795 0.680879 0.258655 0.685152 0.254226 0.682600 0.251490 0.681235 0.251490 0.679634 0.250123 0.672337 0.253986 0.672218 0.267108 0.678506 0.273869 0.674354 0.280955
1 0.699276 0.306303 0.701766 0.308630 0.703901 0.310562 0.704257 0.312205 0.702976 0.314136 0.701287 0.315171 0.699638 0.314188 0.697627 0.312251 0.695516 0.309850
1 0.872733 0.117315 0.865037 0.127757 0.867452 0.157995 0.870227 0.189809 0.871749 0.208387 0.872733 0.221623 0.873986 0.236194 0.880249 0.238622 0.879176 0.228423 0.879355 0.220286 0.880161 0.214458 0.880249 0.210087 0.880965 0.204865 0.883294 0.196731 0.885441 0.186044 0.886157 0.180458 0.885441 0.173416 0.881951 0.155929 0.880519 0.148401 0.877207 0.137593
1 0.665381 0.176330 0.660189 0.178393 0.654999 0.192115 0.652942 0.197945 0.651241 0.206930 0.649988 0.213244 0.649272 0.222958 0.648735 0.231217 0.649630 0.231945 0.650346 0.237651 0.652584 0.239716 0.656163 0.241782 0.659564 0.244087 0.666097 0.248701
1 0.069270 0.678437 0.077537 0.688928 0.086423 0.697010 0.095667 0.701954 0.101178 0.705329 0.105976 0.707381 0.101444 0.719801 0.099578 0.725108 0.097977 0.728486 0.096023 0.729692 0.093977 0.730052 0.078514 0.725711 0.070515 0.723419 0.067937 0.702437 0.066960 0.692186 0.066427 0.678799 0.067937 0.678920
1 0.121615 0.651479 0.126551 0.660011 0.120263 0.660327 0.117189 0.660202 0.117655 0.658939 0.119566 0.656409 0.121194 0.653945
1 0.678544 0.854761 0.679680 0.865023 0.680324 0.870701 0.682658 0.872341 0.690545 0.872887 0.696501 0.872887 0.701653 0.872668 0.705838 0.871138 0.713083 0.869937 0.718152 0.868082 0.727086 0.864914 0.730869 0.863386 0.735538 0.862401 0.738516 0.862074 0.738516 0.859015 0.736744 0.848969 0.735538 0.841323 0.741494 0.840668 0.748013 0.839686 0.755982 0.840887 0.761615 0.843400 0.767490 0.844819 0.773125 0.845473 0.778518 0.845692 0.779403 0.843945 0.778679 0.837719 0.777794 0.834663 0.774012 0.833678 0.765882 0.834881 0.759765 0.834881 0.754854 0.832914 0.747692 0.834772 0.735377 0.837282 0.725156 0.839359 0.717669 0.840887 0.716222 0.841869 0.713485 0.845692 0.706481 0.849296 0.702216 0.850824 0.700849 0.852464 0.697871 0.853228 0.692317 0.853774 0.685476 0.856286 0.684428 0.853228
0 0.083346 0.454862 0.115160 0.454614 0.115250 0.470235 0.083346 0.470235
0 0.050070 0.455061 0.082178 0.454718 0.082308 0.470480 0.050462 0.470480
0 0.288991 0.402971 0.316334 0.402461 0.315956 0.418551 0.288916 0.418960
0 0.263085 0.403179 0.287708 0.402971 0.287708 0.418857 0.263161 0.419072
0 0.235946 0.403372 0.261703 0.403064 0.261778 0.419359 0.235570 0.419566
0 0.249855 0.454087 0.281233 0.453424 0.281558 0.469705 0.249855 0.469779
0 0.216968 0.454308 0.248434 0.453866 0.248757 0.469956 0.216837 0.469866
1 0.201800 0.630761 0.209580 0.625302 0.213738 0.644688
1 0.161898 0.640090 0.163173 0.639454 0.164782 0.639271 0.165453 0.643460 0.163642 0.644005 0.162168 0.644095
1 0.133662 0.651105 0.131313 0.655108 0.129503 0.658475 0.130575 0.660115 0.136746 0.660387 0.162369 0.660295 0.177995 0.660750 0.175381 0.647372 0.173837 0.638543 0.173099 0.635449 0.170416 0.636723 0.169141 0.637724 0.165655 0.639089 0.166527 0.644095 0.163642 0.645097 0.161562 0.645460 0.161094 0.640000 0.155057 0.642093 0.150563 0.643823 0.145735 0.646098 0.140233 0.649102 0.137014 0.650194
1 0.162325 0.601045 0.159483 0.602183 0.161532 0.607935 0.164653 0.607050
1 0.161840 0.600183 0.158267 0.601492 0.161261 0.609356 0.165222 0.608046 0.166091 0.610276 0.168795 0.620235 0.170243 0.625214 0.172079 0.630325 0.172755 0.633471 0.167346 0.636355 0.158846 0.638974 0.149381 0.642251 0.142717 0.645790 0.137599 0.648281 0.135570 0.649329 0.134701 0.648150 0.135956 0.644742 0.137404 0.636617 0.138371 0.631768 0.138178 0.626786 0.137696 0.622857 0.138082 0.614862 0.137501 0.603722 0.133252 0.590224 0.143199 0.591271 0.152375 0.592319 0.159427 0.593894
1 0.098761 0.595689 0.099727 0.596344 0.107358 0.616396 0.110835 0.625962 0.112960 0.631727 0.116919 0.641558 0.119527 0.647192 0.120686 0.649683 0.120975 0.652303 0.119720 0.655056 0.117016 0.658333 0.116340 0.660297 0.097989 0.659381 0.092773 0.658726 0.090358 0.645097 0.087846 0.635921 0.085723 0.629239 0.084466 0.623471 0.083211 0.618622 0.088041 0.610759 0.095188 0.600407
1 0.154404 0.687727 0.159813 0.685763 0.163386 0.684712 0.165222 0.682093 0.171404 0.679471 0.177681 0.677637 0.180772 0.690611 0.182992 0.697031 0.184056 0.702014 0.184635 0.708565 0.172851 0.713020 0.163772 0.716035 0.157301 0.718920 0.153632 0.719967 0.153342 0.708958
1 0.158283 0.881951 0.163113 0.879111 0.170678 0.875397 0.176875 0.873214 0.179371 0.872014 0.180418 0.872450 0.181383 0.875836 0.183314 0.881623 0.183799 0.889487 0.185649 0.889705 0.188466 0.908270 0.190157 0.921048 0.190800 0.927820 0.184844 0.930333 0.177601 0.932407 0.169632 0.934810 0.163515 0.935902 0.157398 0.936884 0.151120 0.939179 0.146290 0.941362 0.141381 0.941471 0.138966 0.941798 0.136632 0.943001 0.135345 0.940707 0.137275 0.937648 0.141381 0.927383 0.146855 0.916134 0.153213 0.909037 0.159893 0.901064 0.163435 0.896914 0.166493 0.894619 0.165608 0.891997 0.162711 0.892873
1 0.186696 0.889596 0.189431 0.888723 0.193457 0.885883 0.199011 0.883806 0.204643 0.881296 0.209151 0.879765 0.209393 0.884573 0.208830 0.888723 0.207058 0.891779 0.206656 0.894292 0.208508 0.905651 0.210519 0.918974 0.199493 0.924652 0.196033 0.926510 0.192248 0.927929 0.189431 0.908052
1 0.603801 0.865741 0.604470 0.871293 0.608832 0.870202 0.615136 0.869018 0.620368 0.868562 0.623117 0.869111 0.626405 0.872022 0.626873 0.875572 0.632709 0.874115 0.637539 0.874025 0.647062 0.875479 0.649409 0.875206 0.654977 0.873569 0.659538 0.872295 0.665842 0.872205 0.665842 0.846085 0.660611 0.846538 0.647263 0.847995 0.634989 0.849179 0.625733 0.849814 0.622982 0.850360 0.614263 0.855823 0.611178 0.860098 0.606684 0.863375
1 0.601587 0.852090 0.611514 0.850999 0.621709 0.850087 0.613258 0.855001 0.610374 0.858917 0.607758 0.861282 0.605679 0.862101 0.605075 0.863558 0.603531 0.864194
1 0.604840 0.872303 0.610808 0.870849 0.615705 0.869847 0.619998 0.869664 0.622479 0.870210 0.624894 0.871574 0.625968 0.875763 0.617718 0.878218 0.612419 0.880587 0.609266 0.882224 0.606650 0.883408 0.605578 0.878401
1 0.736718 0.842783 0.745950 0.841716 0.748697 0.841337 0.754474 0.841970 0.759783 0.844371 0.765840 0.846142 0.771987 0.846963 0.778275 0.847722 0.776272 0.851449 0.774223 0.854608 0.771987 0.855746 0.769704 0.856442 0.764022 0.857643 0.757641 0.858971 0.751259 0.859918 0.745856 0.860739 0.739708 0.861372 0.739662 0.858592 0.737891 0.849618
0 0.155528 0.403479 0.182393 0.403184 0.182610 0.419563 0.155636 0.419416
1 0.636401 0.500240 0.639117 0.503370 0.642091 0.506849 0.637324 0.514709 0.634247 0.521664 0.633171 0.524655 0.632043 0.533836 0.631480 0.542183 0.632146 0.549416 0.633684 0.558183 0.634657 0.564510 0.635838 0.566319 0.637066 0.567503 0.637887 0.574387 0.637887 0.578701 0.630762 0.575432 0.622765 0.572093 0.619688 0.574666 0.615741 0.574944 0.611026 0.573484 0.602260 0.569449 0.597235 0.566947 0.592007 0.563746 0.601741 0.556540 0.609226 0.550559 0.612610 0.547566 0.620555 0.531779 0.631577 0.509520
1 0.645254 0.510499 0.648279 0.513839 0.645357 0.518778 0.643716 0.521211 0.642433 0.524480 0.641357 0.527334 0.640537 0.529629 0.640487 0.523228 0.640639 0.520098 0.642843 0.515299
1 0.651538 0.518254 0.652952 0.519299 0.654062 0.520980 0.652226 0.527995 0.650688 0.534660 0.650004 0.540920 0.649533 0.546486 0.649791 0.549673 0.653207 0.554540 0.657607 0.558947 0.659188 0.565613 0.661496 0.571179 0.664187 0.575872 0.665938 0.579233 0.667432 0.580799 0.667432 0.602709 0.665938 0.603116 0.667135 0.599405 0.666364 0.596857 0.663332 0.590884 0.659658 0.585263 0.658419 0.582248 0.656413 0.573959 0.654275 0.568974 0.651969 0.564221 0.648679 0.561323 0.646073 0.558308 0.644195 0.555700 0.643211 0.544166 0.642956 0.540630 0.643766 0.538136 0.643766 0.534196 0.644536 0.529965 0.647313 0.523241 0.649149 0.520805
1 0.646330 0.508622 0.649712 0.512518 0.655661 0.506256 0.660889 0.500693 0.666887 0.494014 0.667090 0.487059 0.661812 0.491302 0.659403 0.493321 0.656684 0.497146 0.651200 0.502014
1 0.655405 0.523247 0.658383 0.528729 0.655938 0.536085 0.653917 0.541277 0.654024 0.544161 0.658383 0.549643 0.661997 0.556131 0.664335 0.561757 0.666037 0.566229 0.666248 0.569258 0.666992 0.571277 0.667205 0.576759 0.664653 0.572142 0.662741 0.570123 0.661253 0.564210 0.659232 0.558584 0.657850 0.555844 0.655301 0.552527 0.653280 0.549498 0.651792 0.547334 0.651367 0.543872 0.652323 0.537814 0.653069 0.531613 0.653917 0.527719
1 0.667171 0.517869 0.666950 0.537801 0.657058 0.537801 0.659346 0.531692 0.662077 0.527184 0.665031 0.520573
1 0.651257 0.513479 0.658349 0.505577 0.666986 0.496262 0.667060 0.514592 0.663738 0.519501 0.660929 0.526003 0.659753 0.526513 0.655323 0.519100
1 0.649270 0.515495 0.650304 0.517498 0.645876 0.523907 0.644030 0.529015 0.642847 0.534827 0.642258 0.539533 0.642331 0.543441 0.642847 0.548950 0.643881 0.557061 0.646761 0.560868 0.646761 0.565075 0.644842 0.561670 0.642479 0.558663 0.641299 0.550251 0.641076 0.545943 0.641150 0.536928 0.640929 0.532723 0.642775 0.527714 0.644693 0.522505
1 0.589005 0.563872 0.599990 0.569883 0.610973 0.575291 0.617352 0.576734 0.620629 0.575771 0.622578 0.573610 0.632234 0.577814 0.638522 0.580701 0.635510 0.589714 0.634448 0.592480 0.633827 0.593681 0.632588 0.594161 0.631790 0.592360 0.625325 0.588273 0.612568 0.580338 0.599901 0.572647 0.588031 0.565555
1 0.672290 0.495683 0.680489 0.490475 0.685572 0.488505 0.692212 0.487940 0.709747 0.481604 0.717424 0.479070 0.719397 0.477523 0.725413 0.466963 0.733093 0.452180 0.750939 0.443171 0.776463 0.431484 0.779057 0.431907 0.785697 0.433176 0.793893 0.432330 0.799495 0.425149 0.803750 0.416704 0.806863 0.412480 0.814126 0.408256 0.821492 0.403891 0.825538 0.400371 0.829377 0.398682 0.830105 0.402060 0.828236 0.405864 0.822218 0.412480 0.815992 0.419097 0.810804 0.424164 0.807901 0.431626 0.805307 0.437116 0.800637 0.441482 0.790469 0.442467 0.780095 0.444016 0.769095 0.446832 0.761313 0.449364 0.755918 0.451899 0.741496 0.465132 0.728526 0.480900 0.722198 0.488221 0.717633 0.492022 0.710577 0.493714 0.698438 0.494417 0.691900 0.495965 0.687024 0.499061 0.682148 0.503146 0.678204 0.506382 0.672602 0.513001
1 0.672391 0.486521 0.679970 0.481323 0.690034 0.477100 0.700201 0.473441 0.707671 0.471187 0.715453 0.465555 0.723443 0.457108 0.730706 0.449648 0.731951 0.451337 0.724480 0.465132 0.718152 0.475834 0.717010 0.477381 0.710473 0.479774 0.697193 0.483858 0.689825 0.486109 0.684016 0.486393 0.675196 0.491460 0.672499 0.493572
1 0.520360 0.593299 0.524913 0.592960 0.532570 0.592824 0.539574 0.592008 0.546680 0.591195 0.549582 0.589430 0.555586 0.583318 0.561991 0.575580 0.568446 0.566617 0.571297 0.562136 0.572097 0.563018 0.571498 0.565258 0.569646 0.567634 0.563541 0.575714 0.558588 0.583861 0.555836 0.588412 0.553885 0.591263 0.551283 0.592892 0.547330 0.594183 0.538773 0.594859 0.530818 0.595675 0.525063 0.597034 0.520660 0.598799 0.521011 0.594928
1 0.639718 0.608649 0.646634 0.602587 0.653408 0.600437 0.655858 0.597700 0.655570 0.592516 0.653984 0.587334 0.650020 0.577070 0.648363 0.572180 0.647860 0.566999 0.647716 0.561915 0.650525 0.564652 0.652111 0.566120 0.655785 0.575310 0.658019 0.583913 0.661261 0.589487 0.664504 0.595353 0.666089 0.598578 0.664647 0.604150 0.640798 0.610508
1 0.639538 0.528120 0.638516 0.527143 0.637615 0.527061 0.637195 0.528366 0.636475 0.534068 0.636535 0.542216 0.637436 0.550281 0.638277 0.555007 0.639958 0.558022 0.640078 0.562014 0.641158 0.566251 0.642419 0.572849 0.642240 0.580753 0.646443 0.583034 0.647764 0.585722 0.649264 0.578715 0.647704 0.575700 0.646443 0.571790 0.646443 0.567634 0.643680 0.562829 0.641158 0.559733 0.640139 0.555984 0.639658 0.546696 0.639538 0.535536
1 0.575331 0.569836 0.582940 0.567255 0.586917 0.566434 0.599974 0.574527 0.612164 0.581801 0.625825 0.590366 0.630754 0.592947 0.631359 0.595411 0.632570 0.595997 0.634386 0.594589 0.634559 0.595997 0.632224 0.598461 0.627987 0.609372 0.611472 0.597171 0.594354 0.584147
1 0.642534 0.611473 0.651164 0.608982 0.663006 0.606098 0.667426 0.605192 0.667551 0.626748 0.664882 0.629577 0.658962 0.624655 0.655041 0.621599 0.652707 0.626974 0.650205 0.629520 0.648912 0.631501 0.643951 0.616734
1 0.673075 0.572251 0.676573 0.577195 0.679976 0.583171 0.681878 0.589075 0.683280 0.599531 0.682178 0.599872 0.680828 0.591995 0.679027 0.586022 0.676525 0.581201 0.675272 0.578145 0.673073 0.576584
1 0.673115 0.578417 0.674623 0.579517 0.675624 0.582980 0.678375 0.587053 0.680076 0.592349 0.681028 0.600156 0.673422 0.603143 0.673322 0.587392
1 0.673163 0.604950 0.676644 0.603566 0.682829 0.601446 0.684510 0.607476 0.685112 0.611793 0.684810 0.616518 0.680668 0.620674 0.676344 0.624666 0.673523 0.627435
1 0.673032 0.516205 0.677953 0.510030 0.683366 0.504521 0.689765 0.499681 0.697269 0.496508 0.708956 0.496674 0.718798 0.493670 0.725502 0.503151 0.727692 0.501250 0.730117 0.498562 0.731396 0.497443 0.732674 0.497561 0.736624 0.502483 0.739674 0.511531 0.743020 0.518911 0.755089 0.520813 0.764649 0.518527 0.769089 0.527741 0.782487 0.518977 0.783398 0.522832 0.783435 0.524052 0.782365 0.525454 0.761142 0.534352 0.714271 0.555735 0.705634 0.559206 0.703334 0.558638 0.700430 0.552731 0.694193 0.548322 0.690688 0.547738 0.686073 0.546120 0.680698 0.542513 0.675260 0.539010 0.676638 0.535168 0.678434 0.531296 0.680808 0.528374 0.682457 0.526873 0.677842 0.523602 0.672898 0.520729
1 0.572940 0.562494 0.574904 0.564000 0.587975 0.561220 0.594981 0.556467 0.609163 0.545337 0.619501 0.525629 0.628301 0.508589 0.633853 0.498387 0.632314 0.496186 0.629924 0.495258 0.624456 0.498851 0.618902 0.503258 0.612067 0.511255 0.607712 0.515198 0.602670 0.518442 0.598484 0.523195 0.594297 0.534439 0.590197 0.542322 0.586352 0.548467 0.580714 0.554030 0.576443 0.556581
1 0.710306 0.356175 0.707163 0.362617 0.712799 0.364709 0.714223 0.367285 0.724486 0.371874 0.726801 0.357866 0.746260 0.367689 0.759371 0.373885 0.772186 0.379763 0.779720 0.383225 0.792654 0.372035 0.779069 0.365353 0.767143 0.359154 0.765719 0.362696 0.762990 0.362295 0.760736 0.360603 0.759489 0.358914 0.760855 0.355935 0.748456 0.349978 0.743887 0.347722 0.741098 0.353599 0.738546 0.353277 0.735759 0.351588 0.737716 0.344502 0.728224 0.339673 0.726563 0.343053 0.722409 0.341203 0.720334 0.347643 0.719622 0.350300 0.720036 0.351989 0.721757 0.353921 0.721460 0.356819 0.719622 0.356497 0.717189 0.358671 0.713630 0.357302
1 0.761566 0.356417 0.766312 0.358671 0.765423 0.361247 0.763465 0.361007 0.760736 0.358832
1 0.738594 0.345484 0.742652 0.347031 0.740304 0.352439 0.736815 0.351089 0.737384 0.348769
1 0.687762 0.415271 0.696391 0.414922 0.703652 0.411678 0.710658 0.405416 0.715783 0.399738 0.718944 0.394404 0.721934 0.391042 0.726547 0.387217 0.728598 0.390115 0.733211 0.402636 0.739620 0.418169 0.740901 0.421648 0.746626 0.419211 0.745600 0.410401 0.746881 0.403563 0.750129 0.395913 0.750300 0.393708 0.749445 0.390232 0.747736 0.386985 0.743207 0.383277 0.738765 0.380030 0.728940 0.376205 0.719799 0.371683 0.713477 0.368668 0.710573 0.375741 0.706471 0.373190 0.704935 0.376900 0.708606 0.378988 0.700406 0.397533 0.696646 0.397070
1 0.727686 0.359604 0.746308 0.368647 0.762713 0.376644 0.778432 0.384065 0.770060 0.390325 0.766642 0.392990 0.764933 0.395774 0.763909 0.404003 0.762542 0.411307 0.761430 0.414319 0.760235 0.415132 0.754255 0.415828 0.749385 0.418030 0.747846 0.418608 0.747078 0.413394 0.747675 0.406900 0.748446 0.402611 0.751599 0.394379 0.751015 0.389632 0.748703 0.385102 0.742288 0.380246 0.735713 0.376753 0.725634 0.372240
1 0.734263 0.304194 0.735715 0.305004 0.736911 0.308483 0.737338 0.314046 0.740756 0.314628 0.742976 0.315553 0.744259 0.317176 0.743660 0.321233 0.756391 0.327031 0.757671 0.327146 0.759039 0.320655 0.761088 0.321233 0.764591 0.322857 0.765532 0.316944 0.782789 0.323784 0.794921 0.328306 0.790563 0.345577 0.792272 0.347779 0.797056 0.349171 0.796201 0.355432 0.795433 0.358909 0.789111 0.356357 0.786976 0.367836 0.768693 0.358445 0.770828 0.349984 0.761942 0.345345 0.759381 0.353692 0.745540 0.347086 0.733750 0.341173 0.738705 0.341752 0.741440 0.329348 0.734263 0.326450 0.726061 0.322742
1 0.796201 0.329116 0.799620 0.330044 0.800304 0.331203 0.797482 0.347896 0.792015 0.345577 0.794066 0.337694
1 0.795094 0.360055 0.790137 0.357981 0.788257 0.368415 0.789966 0.369457 0.793042 0.370859
1 0.762771 0.347454 0.769350 0.350701 0.767386 0.357888 0.761747 0.354759 0.760893 0.352207
1 0.710798 0.354925 0.714959 0.356368 0.716797 0.357334 0.718695 0.355724 0.719586 0.355402 0.720416 0.355645 0.720654 0.354035 0.718993 0.352426 0.718518 0.350573 0.720654 0.343973 0.721959 0.339705 0.726111 0.341315 0.727120 0.339383 0.721721 0.336404 0.719704 0.335842 0.711872 0.352265
1 0.725554 0.324377 0.731784 0.326551 0.736055 0.328322 0.739674 0.329932 0.740030 0.330898 0.738190 0.339915 0.732495 0.339915 0.730893 0.338467 0.725256 0.334922 0.720927 0.333795
1 0.736885 0.305004 0.764424 0.316005 0.763485 0.320767 0.759974 0.319293 0.758194 0.319023 0.757008 0.325798 0.748701 0.322177 0.745043 0.320297 0.745488 0.317413 0.745192 0.315872 0.743807 0.314126 0.738417 0.312786 0.737776 0.307419
1 0.706555 0.363929 0.709521 0.364933 0.711822 0.365670 0.712978 0.366554 0.710173 0.373664 0.706507 0.371593 0.705560 0.372145 0.703579 0.377686 0.707048 0.379424 0.704158 0.386186 0.699839 0.395915 0.697736 0.395749 0.696421 0.394630 0.692827 0.402393 0.688510 0.410674 0.686614 0.414696 0.684215 0.415146 0.681460 0.416098 0.689863 0.398704 0.700861 0.375501
1 0.678711 0.637613 0.682294 0.641973 0.686085 0.645550 0.690947 0.648906 0.694490 0.651476 0.695190 0.658016 0.697004 0.658074 0.697911 0.653154 0.700340 0.646780 0.703678 0.640295 0.705821 0.636941 0.704997 0.633531 0.705449 0.622518 0.705285 0.616535 0.704255 0.609381 0.702154 0.602057 0.699517 0.597640 0.695480 0.595517 0.690782 0.593615 0.687899 0.591937 0.683984 0.588750 0.684603 0.596131 0.686085 0.605299 0.689258 0.604292 0.690742 0.612286 0.691070 0.615138 0.689835 0.621847 0.688021 0.624977 0.684313 0.628835 0.679741 0.634816 0.678381 0.636548
1 0.667565 0.628486 0.665443 0.631037 0.664209 0.634527 0.664555 0.638349 0.665691 0.642644 0.666978 0.646600 0.667768 0.648816 0.667669 0.636941
1 0.655606 0.623858 0.658918 0.626207 0.662132 0.629026 0.664209 0.630971 0.663467 0.633318 0.658423 0.629427 0.653825 0.626745 0.654370 0.625201
1 0.653231 0.628145 0.662843 0.634423 0.664197 0.641089 0.665834 0.646693 0.667044 0.649686 0.667470 0.653261 0.665976 0.649108 0.663412 0.642248 0.662274 0.640993 0.659427 0.643408 0.655510 0.648044 0.654016 0.650169 0.652948 0.650652 0.652023 0.644952 0.651096 0.638772 0.650314 0.634906 0.649815 0.632879 0.650953 0.630464
1 0.718019 0.626502 0.722765 0.624892 0.725375 0.624169 0.725673 0.626423 0.719741 0.631171 0.719859 0.634150 0.720334 0.637130 0.719859 0.639462 0.716477 0.643569 0.711552 0.649364 0.709001 0.653231 0.706746 0.657012 0.705264 0.655402 0.706214 0.647593 0.707933 0.641394 0.709891 0.637774 0.713867 0.632379 0.716417 0.629883 0.716477 0.628677
1 0.637392 0.613623 0.641011 0.612011 0.646469 0.626745 0.649377 0.634071 0.650859 0.641154 0.652580 0.651779 0.653529 0.658944 0.648604 0.658944 0.647181 0.652265 0.646409 0.642202 0.645815 0.636969 0.641605 0.627389 0.638637 0.620224
1 0.686827 0.606584 0.688269 0.605858 0.689588 0.610611 0.690205 0.614802 0.688806 0.619555 0.687651 0.623302 0.685098 0.626262 0.682294 0.629449 0.680111 0.632748 0.676238 0.637443 0.679535 0.640071 0.683326 0.644767 0.688434 0.648849 0.693873 0.652595 0.694285 0.657905 0.674961 0.657905 0.673479 0.655894 0.673519 0.647563 0.673396 0.630513 0.679081 0.625201 0.685220 0.620057 0.687034 0.617935 0.687404 0.610778
1 0.672725 0.541228 0.680107 0.545569 0.687118 0.549741 0.690933 0.549574 0.696224 0.552412 0.699298 0.554415 0.702620 0.562595 0.706065 0.570941 0.709264 0.582126 0.711108 0.596816 0.713324 0.613675 0.714677 0.621689 0.714430 0.624194 0.713692 0.625861 0.706310 0.636044 0.705695 0.633040 0.706435 0.619351 0.705081 0.608502 0.702375 0.600488 0.699791 0.596483 0.694255 0.593310 0.690318 0.591809 0.686750 0.589471 0.683674 0.587135 0.681583 0.581959 0.678138 0.575615 0.672972 0.568939
1 0.647086 0.666464 0.651188 0.666235 0.654349 0.674349 0.656399 0.678057 0.658705 0.679217 0.659389 0.678638 0.660672 0.679449 0.662123 0.684898 0.662807 0.692663 0.664004 0.702286 0.662294 0.702401 0.661440 0.701591 0.661611 0.696838 0.658962 0.689883 0.651273 0.674810
1 0.766113 0.449700 0.783284 0.445296 0.793537 0.444715 0.796527 0.443905 0.800883 0.443441 0.806692 0.438920 0.808060 0.436718 0.810879 0.428603 0.817458 0.453989 0.820875 0.465119 0.823439 0.470104 0.822327 0.471956 0.816433 0.473580 0.804814 0.481580 0.792938 0.489345 0.778586 0.498851 0.770810 0.470682 0.765514 0.451438
1 0.658003 0.540044 0.666260 0.540139 0.667044 0.558300 0.667114 0.564483 0.664124 0.556079 0.661989 0.551926 0.658287 0.546516 0.655795 0.542652
1 0.714756 0.657817 0.740979 0.657817 0.746141 0.653632 0.744836 0.646145 0.745013 0.642846 0.750235 0.638497 0.754327 0.635438 0.757116 0.634071 0.762990 0.636565 0.768152 0.640671 0.771060 0.641476 0.776043 0.642038 0.779662 0.640267 0.776933 0.623686 0.774619 0.610884 0.773135 0.603640 0.759015 0.610161 0.749405 0.614829 0.740088 0.617888 0.738725 0.624570 0.737657 0.630205 0.734394 0.631492 0.732791 0.633828 0.728106 0.636164 0.722646 0.639061 0.725019 0.641233 0.722944 0.645340 0.717128 0.653632
1 0.714460 0.628049 0.715100 0.629206 0.710615 0.634906 0.707553 0.639640 0.705703 0.644857 0.704635 0.652584 0.704136 0.656158 0.705274 0.657512 0.707412 0.657705 0.709192 0.654420 0.713107 0.649108 0.717521 0.644278 0.720796 0.639738 0.721864 0.640510 0.723431 0.642636 0.717307 0.651329 0.713392 0.657705 0.707482 0.657705 0.698442 0.657801 0.699793 0.652584 0.703069 0.645050 0.707056 0.637708 0.710117 0.633362
1 0.674661 0.522849 0.680784 0.526906 0.676869 0.531059 0.674591 0.536371 0.674162 0.538207 0.672882 0.537241 0.672739 0.526131 0.672811 0.523332
1 0.738729 0.502265 0.741442 0.511061 0.744006 0.517825 0.750129 0.518887 0.755538 0.519274 0.765435 0.516859 0.769421 0.526131 0.775474 0.521591 0.782236 0.517533 0.779103 0.506136 0.775614 0.493866 0.771416 0.477735 0.766787 0.479763 0.763513 0.482854 0.758671 0.484592 0.755894 0.487490 0.754044 0.489231 0.752049 0.493482 0.745572 0.495509 0.742510 0.498889
1 0.618822 0.454308 0.620306 0.457045 0.629204 0.452456 0.635433 0.449558 0.640774 0.447787 0.648190 0.441910 0.653825 0.437724 0.658393 0.432895 0.662843 0.428628 0.665988 0.431042 0.666403 0.420578 0.662785 0.416715 0.661420 0.415184 0.658928 0.413010 0.658335 0.413492 0.652105 0.426052 0.635612 0.440300
1 0.603040 0.465577 0.613957 0.461070 0.619357 0.458655 0.623390 0.466786 0.625526 0.470327 0.631102 0.476527 0.636917 0.483771 0.639706 0.487394 0.636976 0.493834 0.634959 0.495847 0.632170 0.494237 0.603040 0.467351
1 0.655582 0.658767 0.654229 0.654808 0.653730 0.651523 0.657289 0.647465 0.659924 0.644374 0.662345 0.642442 0.665264 0.650169 0.666618 0.654420 0.664695 0.658284
1 0.645188 0.583997 0.647893 0.588925 0.648890 0.591629 0.650241 0.586993 0.650527 0.583031 0.652592 0.587765 0.654299 0.593754 0.653730 0.596748 0.652592 0.598488 0.650597 0.599744 0.646399 0.600903 0.642624 0.603896 0.639491 0.606892 0.635007 0.611820 0.633441 0.610562 0.637712 0.599454 0.639278 0.592207 0.641627 0.590857 0.643336 0.587667 0.643549 0.586317
1 0.522057 0.602109 0.525558 0.599776 0.530660 0.598810 0.534754 0.598327 0.539974 0.598246 0.545908 0.597683 0.549348 0.597280 0.553205 0.595831 0.555162 0.594543 0.555934 0.597844 0.555281 0.598407 0.546915 0.599293 0.537482 0.599050 0.533567 0.599132 0.529948 0.599533 0.527040 0.600420
1 0.520491 0.591705 0.530991 0.591937 0.540645 0.590895 0.546712 0.589967 0.548677 0.588808 0.555596 0.581621 0.561747 0.574317 0.567386 0.566319 0.571060 0.560870 0.561918 0.548352 0.555596 0.539888 0.552435 0.534671 0.543380 0.555653 0.539449 0.562958 0.535520 0.568289 0.532017 0.575012 0.527575 0.580810 0.524072 0.584055 0.521424 0.587184
1 0.704848 0.564115 0.708645 0.573935 0.711017 0.582467 0.712918 0.595831 0.714579 0.608551 0.716002 0.619176 0.716358 0.622559 0.717070 0.623121 0.720036 0.619258 0.728164 0.607503 0.732791 0.600903 0.740979 0.615151 0.752192 0.610805 0.770941 0.601869 0.789747 0.594142 0.795620 0.591402 0.796569 0.589149 0.791705 0.564115 0.785655 0.533683 0.784645 0.526196 0.763227 0.535858 0.706095 0.561536
1 0.786781 0.532718 0.790637 0.534892 0.792892 0.533924 0.796393 0.529577 0.798884 0.528049 0.807961 0.524344 0.818936 0.518870 0.817157 0.511948 0.826708 0.507842 0.851390 0.496573 0.870255 0.488281 0.887818 0.480551 0.896479 0.476205 0.897844 0.476688 0.898912 0.476608 0.899861 0.483127 0.900633 0.494237 0.903718 0.510900 0.904193 0.525553 0.903718 0.531831 0.900515 0.541492 0.897844 0.543825 0.877197 0.553083 0.840414 0.570393 0.820420 0.579891 0.799359 0.589874 0.798053 0.588426 0.791349 0.554374
1 0.799747 0.591334 0.813280 0.585492 0.820867 0.621662 0.827018 0.650873 0.815844 0.657411 0.812972 0.656854 0.805385 0.620409 0.799542 0.593143
1 0.725226 0.679986 0.728027 0.687757 0.730416 0.692900 0.731570 0.695026 0.735443 0.696870 0.742365 0.696145 0.748916 0.694521 0.757692 0.689883 0.764943 0.687591 0.771617 0.686808 0.776686 0.685353 0.772319 0.667353 0.754478 0.667130 0.740553 0.667241 0.739686 0.670483 0.737875 0.674175 0.735856 0.676131
1 0.698769 0.667195 0.712389 0.667271 0.709127 0.673523 0.706238 0.677948 0.705922 0.680044 0.707611 0.683694 0.710929 0.686993 0.709298 0.689168 0.705035 0.685441 0.701460 0.681250 0.699228 0.676900 0.698025 0.670843
1 0.760072 0.750450 0.764721 0.751454 0.770060 0.752126 0.772138 0.752126 0.775944 0.748505 0.777921 0.743741 0.779256 0.740922 0.781828 0.740117 0.784102 0.737970 0.787068 0.734014 0.789244 0.729318 0.785387 0.718652 0.783408 0.712145 0.782371 0.711943 0.776586 0.716906 0.774657 0.713285 0.771938 0.700538 0.772582 0.698928 0.778317 0.695774 0.783754 0.691817 0.785238 0.693293 0.788946 0.704428 0.792258 0.702551 0.794583 0.704562 0.796905 0.710936 0.799576 0.717176 0.804175 0.712748 0.808870 0.708319 0.813024 0.704562 0.816781 0.701209 0.820835 0.697921 0.823949 0.696578 0.823654 0.683902 0.822319 0.674038 0.821776 0.668671 0.820095 0.667667 0.805212 0.673771 0.787116 0.683296 0.780442 0.687187 0.771989 0.689201 0.766698 0.689536 0.762150 0.690543 0.755870 0.693091 0.752212 0.695438 0.749690 0.697050 0.745982 0.697787 0.738122 0.698859 0.746131 0.709394 0.753002 0.719389 0.755476 0.722608 0.759035 0.727171 0.759431 0.737637
1 0.714756 0.686799 0.717070 0.685512 0.721341 0.682614 0.724368 0.680761 0.727750 0.690180 0.730479 0.695574 0.732791 0.697102 0.735878 0.698229 0.735047 0.699839 0.733326 0.704428 0.730893 0.708857 0.727868 0.713285 0.725612 0.715940 0.719680 0.702900 0.718613 0.699839 0.720511 0.696944 0.716535 0.690019
1 0.726222 0.623523 0.733638 0.620772 0.737197 0.619498 0.738681 0.618963 0.738482 0.621042 0.737295 0.626810 0.736851 0.628889 0.735021 0.629763 0.733292 0.627146 0.732550 0.626543 0.730967 0.627280 0.728544 0.627885
1 0.720619 0.631910 0.724130 0.628889 0.726652 0.626879 0.728184 0.629965 0.732387 0.628019 0.733770 0.630903 0.731842 0.632647 0.728432 0.634325 0.724080 0.636739 0.721856 0.638014
1 0.718520 0.623765 0.724426 0.614988 0.728271 0.609675 0.730762 0.606679 0.732542 0.603201 0.740088 0.616243
1 0.743720 0.657397 0.748206 0.653629 0.746497 0.647446 0.746069 0.645225 0.746069 0.643389 0.750911 0.639621 0.755610 0.635853 0.757177 0.635274 0.759027 0.636046 0.761448 0.637012 0.766075 0.640685 0.769564 0.643583 0.772554 0.657588
1 0.774120 0.603138 0.789284 0.596458 0.796262 0.593561 0.798255 0.593948 0.801957 0.611045 0.804947 0.625536 0.788146 0.632106 0.783660 0.634423 0.782379 0.637514 0.780883 0.639351 0.776612 0.616166
1 0.770489 0.642538 0.775687 0.642829 0.779958 0.641282 0.783161 0.638772 0.784372 0.635681 0.790780 0.632297 0.794269 0.630849 0.799252 0.629111 0.804947 0.626889 0.811426 0.657222 0.788715 0.657416 0.773622 0.657610
1 0.785763 0.525975 0.793614 0.522385 0.803694 0.518327 0.810016 0.515080 0.816254 0.512183 0.817619 0.517978 0.814458 0.519719 0.803523 0.524701 0.798739 0.526557 0.796517 0.527948 0.793869 0.530846 0.792333 0.532933 0.790366 0.533512 0.786352 0.530499
1 0.653091 0.666690 0.655226 0.671905 0.656650 0.674707 0.658430 0.676445 0.661134 0.675577 0.664553 0.673547 0.664480 0.669394 0.663984 0.666303 0.659141 0.666207
